x,y,z
32.20717680341675,45.61907482021652,192.0881888442977
19.037424481755828,15.535620718121784,94.11691738678975
33.15239526678343,15.782125175004897,134.09691074802566
8.182536305137667,40.35150558723155,109.61730571335413
48.13039068371594,20.498028722003287,189.98218374982784
17.333092018988282,25.59716796405489,109.26802460406775
49.587549614680384,7.580314915412617,167.85896390045193
11.752894780282281,6.7175137187252485,53.19675483267656
29.284713426082888,0.7728025575409248,92.76078529558791
20.334505081260033,18.950662076118412,103.30289524028282
6.8117161009523475,4.832474775064643,33.60341781236236
27.206814381908988,22.10932979883863,129.64873689488982
25.908817341292274,10.833415738390062,102.60720895550187
38.34275531492527,41.34511798848577,201.47525804914795
46.69250716592899,33.989286667051005,214.23937787435818
4.485169139296374,13.471494559132664,42.989959206368304
9.788562838501253,47.84563890407856,128.65304001447367
49.709684214868076,49.16961287529916,252.49827373236653
11.759024880849445,14.838881766644525,68.10991934678634
11.949318597132553,30.97432243498681,100.32020930553585
31.4549915413601,8.544561164121617,115.51293740307783
36.74762883215698,5.082078928834233,126.40026961015909
34.41721915336019,45.152315566909415,197.99152247490653
1.5565374208813598,2.4529586060596076,14.161110884462788
45.12569216242675,7.288627409929793,153.28781399877263
14.321766395617713,19.96372419456554,86.89817379812202
27.780628190305478,29.56407640894837,144.7493824916123
18.82101222647716,33.86740099961233,129.86807664590253
1.331218238655718,49.43292705168096,106.65437109310925
24.707456077360234,17.337542735408817,112.75185303708666
41.73575467467073,14.319791516157709,157.2235717117821
18.34936650051263,35.258590441355594,129.93352592341034
25.769105612045408,21.440410822747037,126.2911314028601
23.61895627126399,41.00461647241281,156.3255852063435
19.307604422842367,43.47097766800167,151.0501094726383
37.20685022201478,39.01739183692461,192.90007260498535
16.76210398331025,10.324182074546412,73.5410087298799
29.77191441005143,42.5758544717903,178.54732843962606
15.806669095412696,18.41673619791276,87.46849996360497
17.312521196407264,45.012809571055165,147.93220806328426
12.241590422854154,14.695553672462635,69.212095755228
34.89750824910005,31.90641471334512,172.19335184069607
10.604041569570727,39.47053001997819,113.51538009975243
13.364658416322971,11.456495101379065,65.39608472145807
18.694703935876394,36.128571664467295,133.84998851843218
28.654425339146716,13.78955360847317,118.28579266579385
45.86790393594007,2.5215376197986696,145.9491182933833
40.948796837745796,1.5533362131707529,130.3169175094558
8.159044617972588,34.84907423029977,99.24616168392004
1.2077384927436041,38.61638311687581,85.32874800668607
39.23268135814192,42.98776746889162,206.94199180787652
13.242868947859932,12.236862786582602,68.7215695625333
16.96835281756713,2.197217177985644,59.80350632397224
40.71847925553166,47.548663204226834,219.2580540083416
40.372735793002605,42.4739083161606,210.32844817927327
24.67808183994678,38.95964371254437,155.33910029383273
42.26562219417856,20.0096053641378,171.22821666733407
18.25949921950119,12.685581631051146,83.32836920587484
2.391544957571534,24.732945987830224,60.14984218136789
13.20728931986176,27.473529094095134,98.68198797256822
23.193358005926928,8.709753766220713,91.2890136575228
34.66775297485354,46.47639901181992,200.92900352019203
15.671837670042944,9.029494119137949,69.90930655643851
23.12683942594116,13.79032769991394,100.10179177271624
40.98438263429164,13.350594809642063,152.5834794526149
34.22455125498389,43.746317131924684,195.420968759494
16.201691190283142,41.98513582859669,137.00405644606232
28.840599957479395,39.4606771657501,169.0479956467787
31.632499189568776,34.78366450165231,167.4354176090074
29.82308337832705,43.33902119831419,180.5982755402764
6.891343972640973,26.890540586932875,78.7253341583192
30.900051191419927,15.225563184765289,127.65607643213329
24.673184651024787,43.45923142176871,163.96019125760105
7.180606238930748,33.73562131410981,93.02582294959731
1.5410945630848105,9.85534065666005,28.318890249686646
46.95778638914447,39.5005750304586,223.48219901160823
12.841885762316702,9.760076267453949,61.08902915182692
2.8567301504513476,27.554028636250607,67.12820629148231
19.385411222997167,27.430628380359856,115.26083188194205
17.854837375820175,35.64360759424674,128.848757702934
49.319207149257984,42.26908447554805,236.20479484310783
46.979531863009974,42.6544926198328,229.8868837512442
29.138761178481275,8.703602403356413,107.55834339220786
49.65515668882121,14.529204889266056,182.18741543236771
49.49572502706484,39.27816555168872,231.93022865075028
43.25281870612536,42.775841676374135,218.3317978753677
8.085911424597775,13.904276816331102,56.53629210732672
18.424512024069656,15.479410552829941,89.29809459479263
15.336332992653723,16.063604990802155,82.38454320589956
17.04316214881082,3.0186437459149786,59.76288183633417
14.523887382668526,48.648845466225,145.05275919505394
31.89320363976665,38.50896223627293,177.1111766453616
2.532700145723293,16.865198963017132,46.85647773128143
46.75921553657735,1.1745625532530113,146.50425042628612
1.2922418436761451,31.061573827942464,68.84086209212087
26.581952611824743,32.424816973665,148.68454057571537
3.580189730939903,18.774464754989133,52.08301314437117
34.57472193212119,1.8136163397284077,111.42286095915262
5.854375591229472,43.095394339155355,108.92499671201193
9.675625383314406,2.3853104248282797,35.86154744254924
