0 0.41826924635097384 0.3281250122236088 0.04807692486792803 0.06490384857170284
0 0.6069711764575914 0.3281250122236088 0.06490384857170284 0.06971154105849564
0 0.3329327047104016 0.3137019347632304 0.03125000116415322 0.03605769365094602
0 0.3822115527000278 0.3281250122236088 0.028846154920756817 0.03605769365094602
0 0.23197116248775274 0.3341346278320998 0.021634616190567613 0.03365384740754962
0 0.1911057763500139 0.305288472911343 0.021634616190567613 0.03365384740754962
0 0.21995193127077073 0.3185096272500232 0.021634616190567613 0.026442308677360415
0 0.020432693068869412 0.3341346278320998 0.021634616190567613 0.03365384740754962
0 0.061298079206608236 0.305288472911343 0.021634616190567613 0.03365384740754962
0 0.03245192428585142 0.3185096272500232 0.021634616190567613 0.026442308677360415
