0 0.14543269772548229 0.3305288584670052 0.06971154105849564 0.06971154105849564
0 0.04687500174622983 0.20312500756699592 0.06971154105849564 0.06971154105849564
0 0.9182692649774253 0.27644231799058616 0.07692307978868484 0.08173077227547765
0 0.5228365579387173 0.3161057810066268 0.06971154105849564 0.060096156084910035
0 0.5276442504255101 0.23076923936605453 0.06490384857170284 0.07211538730189204
0 0.3497596284141764 0.3437500128056854 0.06971154105849564 0.06730769481509924
0 0.28125001047737896 0.3125000116415322 0.08173077227547765 0.07692307978868484
0 0.3125000116415322 0.25961539428681135 0.07211538730189204 0.07211538730189204
0 0.40144232264719903 0.25120193243492395 0.09134615724906325 0.07932692603208125
0 0.14423077460378408 0.01923076994717121 0.07211538730189204 0.03846153989434242
0 0.04687500174622983 0.13100962026510388 0.06971154105849564 0.06971154105849564
0 0.9182692649774253 0.05528846359811723 0.07692307978868484 0.08173077227547765
0 0.5216346348170191 0.024038462433964014 0.07211538730189204 0.04807692486792803
0 0.5276442504255101 0.10096154222264886 0.06490384857170284 0.07211538730189204
0 0.3485577052924782 0.012019231216982007 0.07211538730189204 0.024038462433964014
0 0.28245193359907717 0.030048078042455018 0.08413461851887405 0.060096156084910035
0 0.3125000116415322 0.07211538730189204 0.07211538730189204 0.07211538730189204
0 0.40144232264719903 0.08293269539717585 0.09134615724906325 0.07932692603208125
