0 0.11418269656132907 0.3076923191547394 0.07932692603208125 0.10096154222264886
0 0.19831731508020312 0.3497596284141764 0.05528846359811723 0.06971154105849564
0 0.23798077809624374 0.3521634746575728 0.043269232381135225 0.060096156084910035
0 0.28485577984247357 0.3137019347632304 0.07932692603208125 0.11778846592642367
0 0.44471155502833426 0.3329327047104016 0.06250000232830644 0.07451923354528844
0 0.5564904053462669 0.3365384740754962 0.06971154105849564 0.11538461968302727
0 0.5072115573566407 0.3365384740754962 0.04807692486792803 0.08173077227547765
0 0.7439904123311862 0.299278857302852 0.09375000349245965 0.11778846592642367
0 0.7031250261934474 0.3365384740754962 0.03125000116415322 0.07211538730189204
0 0.7848557984689251 0.3365384740754962 0.04567307862453163 0.08653846476227045
0 0.8317308002151549 0.3581730902660638 0.043269232381135225 0.06250000232830644
0 0.9014423412736505 0.3689903983613476 0.08173077227547765 0.11778846592642367
0 0.9663461898453534 0.3485577052924782 0.043269232381135225 0.05288461735472083
