1 0.22355770063586533 0.31566265714354813 0.11538461968302727 0.15421687066555023
1 0.5408654047641903 0.35903615201823413 0.08653846476227045 0.10602409858256578
1 0.39783655328210443 0.3891566345700994 0.10817308095283806 0.14216867764480412
1 0.9423077274113894 0.3674698871327564 0.10096154222264886 0.1180722916033119
1 0.7980769528076053 0.36987952573690563 0.10096154222264886 0.12289156881161034
1 0.6334134851349518 0.33975904318504035 0.10336538846604526 0.130120484624058
1 0.22475962375756353 0.05060241068713367 0.11778846592642367 0.10120482137426734
1 0.5420673278858885 0.016867470229044557 0.08894231100566685 0.03373494045808911
1 0.9435096505330876 0.015662650926969945 0.10336538846604526 0.03132530185393989
1 0.7992788759293035 0.015662650926969945 0.10336538846604526 0.03132530185393989
1 0.6322115620132536 0.0325301211560145 0.10576923470944166 0.065060242312029
