0 0.3149038578849286 0.39277109247632325 0.043269232381135225 0.05783132649958134
0 0.8341346464585513 0.36024097132030874 0.10576923470944166 0.14216867764480412
0 0.4927884798962623 0.38192771875765175 0.043269232381135225 0.05060241068713367
0 0.5853365602670237 0.36024097132030874 0.07932692603208125 0.10361445997841656
0 0.5312500197906047 0.368674706434831 0.04807692486792803 0.07228915812447667
0 0.6862981024896726 0.3975903696846217 0.07932692603208125 0.07710843533277512
0 0.933894265559502 0.3783132608514279 0.05048077111132443 0.06265060370787978
0 0.8954327256651595 0.3867469959659502 0.04567307862453163 0.065060242312029
1 0.3725961677264422 0.38072289945557714 0.057692309841513634 0.07710843533277512
0 0.8353365695802495 0.022891566739417613 0.10817308095283806 0.045783133478835225
0 0.5841346371453255 0.013253012322820723 0.08173077227547765 0.026506024645641446
