0 0.8233173383632675 0.2590361499460414 0.1706730832811445 0.18072289531119168
1 0.08653846476227045 0.28313253598753363 0.07211538730189204 0.09397590556181967
1 0.6670673325425014 0.27590362017508596 0.06971154105849564 0.09397590556181967
1 0.1478365439688787 0.3024096448207274 0.09375000349245965 0.1180722916033119
1 0.4975961723830551 0.2807228973833844 0.11057692719623446 0.12289156881161034
1 0.43149040068965405 0.26506024645641446 0.07451923354528844 0.10602409858256578
1 0.9350961886812001 0.2795180780813098 0.057692309841513634 0.07228915812447667
1 0.7091346418019384 0.27469880087301135 0.03846153989434242 0.07710843533277512
1 0.5865384833887219 0.2674698850605637 0.06250000232830644 0.07228915812447667
0 0.8221154152415693 0.08313253184314817 0.1730769295245409 0.16626506368629634
1 0.08653846476227045 0.05180722998920828 0.07211538730189204 0.09397590556181967
1 0.6670673325425014 0.05903614580165595 0.06971154105849564 0.09397590556181967
1 0.14663462084718049 0.045783133478835225 0.09615384973585606 0.09156626695767045
1 0.4987980955047533 0.05783132649958134 0.11298077343963087 0.11566265299916267
1 0.43149040068965405 0.06746988091617823 0.07451923354528844 0.10602409858256578
1 0.9350961886812001 0.05301204929128289 0.057692309841513634 0.07228915812447667
1 0.7091346418019384 0.05783132649958134 0.03846153989434242 0.07710843533277512
1 0.5865384833887219 0.065060242312029 0.06250000232830644 0.07228915812447667
