0 0.06250000232830644 0.27590362017508596 0.07211538730189204 0.10361445997841656
0 0.3088942422764376 0.3313253080705181 0.07451923354528844 0.09879518277011812
0 0.21153846941888332 0.30843374133110046 0.07211538730189204 0.10120482137426734
0 0.44350963190663606 0.3638554292265326 0.08894231100566685 0.11566265299916267
0 0.6418269469868392 0.3349397659767419 0.057692309841513634 0.08192771254107356
1 0.5949519452406093 0.30481928342487663 0.07451923354528844 0.08433735114522278
2 0.07692307978868484 0.5084337454754859 0.1538461595773697 0.5542168789543211
2 0.20673077693209052 0.5168674805900082 0.12980769714340568 0.5132530226837844
2 0.3245192428585142 0.5337349508190528 0.12980769714340568 0.49879519105888903
2 0.45913463248871267 0.5156626612879336 0.1490384670905769 0.4192771171219647
2 0.598557714605704 0.4313253101427108 0.13942308211699128 0.3228915729559958
2 0.6658654094208032 0.4072289241012186 0.09615384973585606 0.21686747437343
0 0.06250000232830644 0.0542168685933575 0.07211538730189204 0.10361445997841656
0 0.3076923191547394 0.024096386041492224 0.07692307978868484 0.04819277208298445
0 0.21274039254058152 0.036144579062238336 0.07451923354528844 0.07228915812447667
0 0.44230770878493786 0.012048193020746112 0.09134615724906325 0.024096386041492224
0 0.6430288701085374 0.018072289531119168 0.060096156084910035 0.036144579062238336
1 0.5937500221189111 0.03373494045808911 0.07692307978868484 0.06746988091617823
2 0.3257211659802124 0.9445783328264952 0.13221154338680208 0.10602409858256578
