0 0.7596154129132628 0.44831732439342886 0.057692309841513634 0.07932692603208125
0 0.6081730995792896 0.45913463248871267 0.057692309841513634 0.07692307978868484
0 0.5180288654519245 0.42548078508116305 0.06971154105849564 0.10096154222264886
0 0.8545673395274207 0.40865386137738824 0.12740385090000927 0.1586538520641625
0 0.3425480896839872 0.40865386137738824 0.08413461851887405 0.11057692719623446
0 0.5865384833887219 0.43269232381135225 0.03846153989434242 0.057692309841513634
0 0.9783654210623354 0.40985578449908644 0.03365384740754962 0.11298077343963087
0 0.760817336034961 0.013221154338680208 0.060096156084910035 0.026442308677360415
0 0.5168269423302263 0.030048078042455018 0.07211538730189204 0.060096156084910035
0 0.8533654164057225 0.05288461735472083 0.12980769714340568 0.10576923470944166
0 0.341346166562289 0.040865386137738824 0.08653846476227045 0.08173077227547765
0 0.5877404065104201 0.01562500058207661 0.040865386137738824 0.03125000116415322
0 0.9795673441840336 0.040865386137738824 0.03605769365094602 0.08173077227547765
