0 0.6995192568283528 0.3762019370915368 0.11057692719623446 0.14182692836038768
0 0.8497596470406279 0.3317307815887034 0.09375000349245965 0.12500000465661287
0 0.5781250215368345 0.3798077064566314 0.08413461851887405 0.11538461968302727
0 0.4711538637056947 0.42067309259437025 0.12980769714340568 0.1634615445509553
0 0.5312500197906047 0.3088942422764376 0.07692307978868484 0.08894231100566685
0 0.21274039254058152 0.40384616889059544 0.10817308095283806 0.1538461595773697
0 0.9447115736547858 0.26802885613869876 0.10096154222264886 0.1754807757679373
1 0.13942308211699128 0.3629807827528566 0.057692309841513634 0.07211538730189204
1 0.021634616190567613 0.3677884752396494 0.043269232381135225 0.08173077227547765
0 0.945913496776484 0.03605769365094602 0.10336538846604526 0.07211538730189204
