0 0.09375000349245965 0.30602410272695124 0.08653846476227045 0.10602409858256578
0 0.5228365579387173 0.31686747644562274 0.06490384857170284 0.08915662835352123
0 0.718750026775524 0.3361445852788165 0.06730769481509924 0.0746987967286259
0 0.28725962608586997 0.33855422388296574 0.06971154105849564 0.08433735114522278
0 0.8858173406915739 0.3216867536539212 0.08413461851887405 0.108433737186715
0 0.39663463016040623 0.30843374133110046 0.057692309841513634 0.09156626695767045
0 0.45913463248871267 0.3578313327161595 0.03365384740754962 0.05060241068713367
0 0.5769230984151363 0.34939759760163724 0.03846153989434242 0.05783132649958134
0 0.6622596400557086 0.3566265134140849 0.04567307862453163 0.06265060370787978
0 0.8125000302679837 0.3566265134140849 0.04807692486792803 0.05783132649958134
0 0.09495192661415786 0.04096385627053678 0.08894231100566685 0.08192771254107356
0 0.5216346348170191 0.03132530185393989 0.06730769481509924 0.06265060370787978
0 0.7199519498972222 0.018072289531119168 0.06971154105849564 0.036144579062238336
0 0.28605770296417177 0.01927710883319378 0.07211538730189204 0.03855421766638756
0 0.8846154175698757 0.03373494045808911 0.08653846476227045 0.06746988091617823
0 0.39783655328210443 0.036144579062238336 0.060096156084910035 0.07228915812447667
0 0.5781250215368345 0.007228915812447667 0.040865386137738824 0.014457831624895334
