0 0.1478365439688787 0.41566265921574086 0.060096156084910035 0.07951807393692434
0 0.1947115457151085 0.4000000082887709 0.05288461735472083 0.07228915812447667
0 0.23798077809624374 0.41566265921574086 0.03846153989434242 0.045783133478835225
0 0.353365397779271 0.4204819364240393 0.04807692486792803 0.06987951952032745
0 0.42668270820286125 0.3855421766638756 0.05048077111132443 0.06265060370787978
0 0.5240384810604155 0.39277109247632325 0.05288461735472083 0.05783132649958134
0 0.5649038671981543 0.3578313327161595 0.04807692486792803 0.06024096510373056
0 0.6310096388915554 0.3337349466746673 0.04567307862453163 0.065060242312029
0 0.6057692533358932 0.3361445852788165 0.03846153989434242 0.055421687895432115
0 0.7271634886274114 0.3349397659767419 0.05528846359811723 0.06746988091617823
0 0.7764423366170377 0.3240963922580704 0.04807692486792803 0.0746987967286259
0 0.5661057903198525 0.006024096510373056 0.05048077111132443 0.012048193020746112
0 0.6298077157698572 0.01927710883319378 0.04807692486792803 0.03855421766638756
0 0.6069711764575914 0.015662650926969945 0.040865386137738824 0.03132530185393989
0 0.7259615655057132 0.01927710883319378 0.057692309841513634 0.03855421766638756
0 0.7776442597387359 0.026506024645641446 0.05048077111132443 0.05301204929128289
