0 0.7403846429660916 0.37228916434105486 0.05288461735472083 0.06987951952032745
1 0.26923077926039696 0.3120481992373243 0.08173077227547765 0.09397590556181967
1 0.08293269539717585 0.3240963922580704 0.14182692836038768 0.14216867764480412
1 0.42908655444625765 0.3421686817891896 0.06971154105849564 0.08192771254107356
1 0.3305288584670052 0.35903615201823413 0.05048077111132443 0.07228915812447667
1 0.6310096388915554 0.3566265134140849 0.05528846359811723 0.06746988091617823
1 0.5492788666160777 0.3566265134140849 0.04567307862453163 0.05783132649958134
1 0.5048077111132443 0.37228916434105486 0.05288461735472083 0.06987951952032745
1 0.27043270238209516 0.034939759760163724 0.08413461851887405 0.06987951952032745
1 0.08173077227547765 0.04096385627053678 0.14423077460378408 0.08192771254107356
1 0.42788463132455945 0.016867470229044557 0.07211538730189204 0.03373494045808911
