0 0.664663486299105 0.3530120555078611 0.06490384857170284 0.08433735114522278
1 0.22716347000095993 0.32891566946636885 0.06490384857170284 0.08915662835352123
1 0.5504807897377759 0.36024097132030874 0.07211538730189204 0.08915662835352123
1 0.7944711834425107 0.36024097132030874 0.11298077343963087 0.13253012322820723
1 0.29326924169436097 0.33855422388296574 0.07211538730189204 0.09397590556181967
1 0.39182693767361343 0.2927710904041305 0.09615384973585606 0.12289156881161034
1 0.9387019580462947 0.36144579062238336 0.09375000349245965 0.11566265299916267
1 0.4771634793141857 0.368674706434831 0.05048077111132443 0.06746988091617823
1 0.7451923354528844 0.3746988029452041 0.057692309841513634 0.10361445997841656
0 0.6634615631774068 0.012048193020746112 0.06730769481509924 0.024096386041492224
1 0.22596154687926173 0.025301205343566835 0.06730769481509924 0.05060241068713367
1 0.5516827128594741 0.00963855441659689 0.07451923354528844 0.01927710883319378
1 0.7932692603208125 0.02048192813526839 0.11538461968302727 0.04096385627053678
1 0.29447116481605917 0.021686747437343 0.07451923354528844 0.043373494874686
1 0.39302886079531163 0.05180722998920828 0.09855769597925246 0.10361445997841656
1 0.9375000349245965 0.015662650926969945 0.09615384973585606 0.03132530185393989
