0 0.7331731042359024 0.3746988029452041 0.11057692719623446 0.13253012322820723
0 0.24278847058303654 0.32650603086221963 0.11057692719623446 0.16626506368629634
0 0.5889423296321183 0.40361446619499475 0.06730769481509924 0.09397590556181967
0 0.4891827105311677 0.36987952573690563 0.08413461851887405 0.12289156881161034
0 0.3689903983613476 0.37228916434105486 0.12259615841321647 0.16626506368629634
0 0.057692309841513634 0.3963855503825471 0.11057692719623446 0.151807232061401
0 0.6670673325425014 0.4963855524547398 0.13221154338680208 0.130120484624058
0 0.7343750273576006 0.013253012322820723 0.11298077343963087 0.026506024645641446
0 0.24399039370473474 0.045783133478835225 0.11298077343963087 0.09156626695767045
0 0.4879807874094695 0.013253012322820723 0.08653846476227045 0.026506024645641446
0 0.3677884752396494 0.022891566739417613 0.12500000465661287 0.045783133478835225
