1 0.1634615445509553 0.5084337454754859 0.057692309841513634 0.06265060370787978
1 0.4843750180443749 0.5048192875692621 0.04567307862453163 0.055421687895432115
1 0.9543269586283714 0.5132530226837844 0.03846153989434242 0.043373494874686
1 0.27403847174718976 0.5228915771003813 0.028846154920756817 0.03855421766638756
1 0.3100961653981358 0.5216867577983066 0.028846154920756817 0.036144579062238336
1 0.3665865521179512 0.5240963964024559 0.03125000116415322 0.036144579062238336
1 0.39062501455191523 0.5192771191941574 0.021634616190567613 0.036144579062238336
1 0.44711540127173066 0.5156626612879336 0.03365384740754962 0.043373494874686
1 0.5757211752934381 0.5289156736107543 0.040865386137738824 0.045783133478835225
1 0.7956731065642089 0.5216867577983066 0.03846153989434242 0.045783133478835225
1 0.9146634956123307 0.5216867577983066 0.03605769365094602 0.036144579062238336
1 0.8425481083104387 0.5228915771003813 0.03605769365094602 0.03855421766638756
1 0.7379807967226952 0.5072289261734113 0.03365384740754962 0.04096385627053678
1 0.6334134851349518 0.5337349508190528 0.03125000116415322 0.04096385627053678
1 0.6574519475689158 0.5277108543086797 0.026442308677360415 0.043373494874686
1 0.05528846359811723 0.5228915771003813 0.028846154920756817 0.03855421766638756
1 0.020432693068869412 0.5277108543086797 0.03605769365094602 0.043373494874686
1 0.20312500756699592 0.5180722998920828 0.026442308677360415 0.043373494874686
