0 0.6189904076745734 0.33975904318504035 0.09375000349245965 0.10602409858256578
0 0.8906250331783667 0.3421686817891896 0.11778846592642367 0.130120484624058
1 0.3449519359273836 0.3746988029452041 0.07932692603208125 0.09397590556181967
2 0.3185096272500232 0.5409638666315004 0.3149038578849286 0.42650603293441236
2 0.5132211729651317 0.5397590473294258 0.3629807827528566 0.4867469980381429
2 0.7572115666698664 0.5469879631418735 0.4759615561924875 0.520481938496232
0 0.6177884845528752 0.04819277208298445 0.09615384973585606 0.0963855441659689
0 0.8894231100566685 0.05301204929128289 0.12019231216982007 0.10602409858256578
1 0.3437500128056854 0.027710843947716057 0.08173077227547765 0.055421687895432115
2 0.317307704128325 0.9313253205036744 0.317307704128325 0.13253012322820723
2 0.5120192498434335 0.9168674888787791 0.365384628996253 0.1614457864779979
2 0.7584134897915646 0.904819295858033 0.4783654024358839 0.18554217251949012
