0 0.27884616423398256 0.44578314176760614 0.043269232381135225 0.043373494874686
0 0.3641827058745548 0.47951808222569525 0.04567307862453163 0.043373494874686
0 0.5060096342349425 0.4325301294447854 0.040865386137738824 0.045783133478835225
0 0.8112981071462855 0.3216867536539212 0.026442308677360415 0.036144579062238336
1 0.12740385090000927 0.6686747126514092 0.07211538730189204 0.045783133478835225
1 0.1790865451330319 0.4975903717568144 0.04567307862453163 0.04096385627053678
1 0.07692307978868484 0.5939759159227833 0.057692309841513634 0.06024096510373056
1 0.12740385090000927 0.6192771212663502 0.06730769481509924 0.05301204929128289
1 0.25961539428681135 0.514457841985859 0.04807692486792803 0.045783133478835225
1 0.3329327047104016 0.536144589423202 0.05528846359811723 0.045783133478835225
1 0.43870193941984326 0.5120482033817098 0.05528846359811723 0.055421687895432115
1 0.5588942515896633 0.4530120575800538 0.05528846359811723 0.04819277208298445
1 0.6322115620132536 0.3216867536539212 0.03365384740754962 0.03132530185393989
1 0.6875000256113708 0.3204819343518466 0.028846154920756817 0.024096386041492224
0 0.5961538683623075 0.35903615201823413 0.03365384740754962 0.03373494045808911
0 0.7692307978868484 0.31686747644562274 0.03365384740754962 0.03132530185393989
