0 0.8149038765113801 0.26682693301700056 0.09615384973585606 0.13461538963019848
0 0.23076923936605453 0.3269230891019106 0.07211538730189204 0.08653846476227045
0 0.3305288584670052 0.311298088519834 0.060096156084910035 0.07451923354528844
1 0.6670673325425014 0.2956730879377574 0.06971154105849564 0.08173077227547765
1 0.5012019417481497 0.3149038578849286 0.04567307862453163 0.08173077227547765
1 0.3641827058745548 0.3028846266679466 0.03125000116415322 0.057692309841513634
1 0.41706732322927564 0.3197115503717214 0.03605769365094602 0.04807692486792803
1 0.5612980978330597 0.3221153966151178 0.03125000116415322 0.043269232381135225
1 0.6213942539179698 0.3161057810066268 0.03125000116415322 0.04567307862453163
0 0.7512019510613754 0.3377403971971944 0.04567307862453163 0.05528846359811723
0 0.8161057996330783 0.026442308677360415 0.09855769597925246 0.05288461735472083
