1 0.043269232381135225 0.43389424693305045 0.028846154920756817 0.03125000116415322
1 0.09975961910095066 0.45072117063682526 0.06971154105849564 0.08413461851887405
1 0.21394231566227973 0.44591347815003246 0.043269232381135225 0.04567307862453163
1 0.26682693301700056 0.45552886312361807 0.05288461735472083 0.06971154105849564
1 0.3677884752396494 0.43750001629814506 0.08653846476227045 0.10096154222264886
1 0.3281250122236088 0.43870193941984326 0.03605769365094602 0.06971154105849564
1 0.40985578449908644 0.42067309259437025 0.05048077111132443 0.09615384973585606
1 0.45913463248871267 0.44471155502833426 0.05288461735472083 0.057692309841513634
1 0.6574519475689158 0.42908655444625765 0.06490384857170284 0.06490384857170284
1 0.7776442597387359 0.43509617005474865 0.06490384857170284 0.08653846476227045
1 0.9687500360887498 0.41105770762078464 0.057692309841513634 0.13942308211699128
