0 0.8125000302679837 0.377403860213235 0.057692309841513634 0.07692307978868484
0 0.1634615445509553 0.4747596330707893 0.057692309841513634 0.06490384857170284
1 0.4891827105311677 0.46274040185380727 0.04567307862453163 0.05528846359811723
1 0.3317307815887034 0.4759615561924875 0.043269232381135225 0.06250000232830644
1 0.5853365602670237 0.45913463248871267 0.03125000116415322 0.043269232381135225
1 0.6081730995792896 0.45552886312361807 0.028846154920756817 0.04567307862453163
1 0.6634615631774068 0.46274040185380727 0.043269232381135225 0.05048077111132443
1 0.3762019370915368 0.4867788642877713 0.040865386137738824 0.04567307862453163
1 0.29206731857266277 0.4891827105311677 0.03125000116415322 0.03605769365094602
1 0.42668270820286125 0.4939904030179605 0.03125000116415322 0.03605769365094602
1 0.09375000349245965 0.4927884798962623 0.04807692486792803 0.06250000232830644
0 0.05288461735472083 0.5036057879915461 0.03365384740754962 0.04567307862453163
