0 0.06971154105849564 0.311298088519834 0.08653846476227045 0.11298077343963087
0 0.4807692486792803 0.3737980908481404 0.07211538730189204 0.08894231100566685
0 0.323317319736816 0.3750000139698386 0.06490384857170284 0.07211538730189204
0 0.1502403902122751 0.3509615515358746 0.06490384857170284 0.08173077227547765
0 0.21995193127077073 0.3822115527000278 0.03605769365094602 0.03846153989434242
0 0.28485577984247357 0.39903847640380263 0.03605769365094602 0.05288461735472083
0 0.41346155386418104 0.39062501455191523 0.03365384740754962 0.04567307862453163
0 0.5408654047641903 0.40625001513399184 0.057692309841513634 0.057692309841513634
0 0.670673101907596 0.40384616889059544 0.04807692486792803 0.04807692486792803
0 0.7139423342887312 0.42668270820286125 0.03365384740754962 0.04567307862453163
0 0.8125000302679837 0.42548078508116305 0.06250000232830644 0.057692309841513634
