1 0.40504809201229364 0.3137019347632304 0.06971154105849564 0.08894231100566685
1 0.6442307932302356 0.3149038578849286 0.06730769481509924 0.08173077227547765
1 0.5264423273038119 0.3245192428585142 0.07211538730189204 0.08173077227547765
1 0.9086538800038397 0.3437500128056854 0.07692307978868484 0.08173077227547765
1 0.24879808619152755 0.3449519359273836 0.05048077111132443 0.060096156084910035
1 0.7632211822783574 0.3665865521179512 0.040865386137738824 0.04567307862453163
1 0.40384616889059544 0.03245192428585142 0.07211538730189204 0.06490384857170284
1 0.6454327163519338 0.030048078042455018 0.06971154105849564 0.060096156084910035
1 0.5276442504255101 0.025240385555662215 0.07451923354528844 0.05048077111132443
1 0.9098558031255379 0.01562500058207661 0.07932692603208125 0.03125000116415322
1 0.24759616306982934 0.009615384973585606 0.05288461735472083 0.01923076994717121
