1 0.7824519522255287 0.44471155502833426 0.060096156084910035 0.08653846476227045
1 0.6718750250292942 0.45432694000191987 0.07451923354528844 0.09134615724906325
1 0.951923112384975 0.4771634793141857 0.08173077227547765 0.1562500058207661
1 0.5769230984151363 0.43269232381135225 0.043269232381135225 0.057692309841513634
1 0.8737981094745919 0.45312501688022166 0.05528846359811723 0.060096156084910035
1 0.5192307885736227 0.45432694000191987 0.03365384740754962 0.043269232381135225
0 0.2956730879377574 0.45072117063682526 0.043269232381135225 0.04567307862453163
0 0.3605769365094602 0.44350963190663606 0.028846154920756817 0.03605769365094602
0 0.3846153989434242 0.43149040068965405 0.03365384740754962 0.03605769365094602
1 0.42548078508116305 0.44951924751512706 0.03846153989434242 0.05288461735472083
1 0.4951923261396587 0.44711540127173066 0.028846154920756817 0.04807692486792803
1 0.19831731508020312 0.43870193941984326 0.03605769365094602 0.05528846359811723
1 0.1718750064028427 0.44471155502833426 0.026442308677360415 0.03365384740754962
