0 0.12259615841321647 0.28846154920756817 0.12500000465661287 0.1682692370377481
1 0.03966346301604062 0.3521634746575728 0.07451923354528844 0.09375000349245965
1 0.21274039254058152 0.335336550953798 0.09375000349245965 0.10817308095283806
1 0.3461538590490818 0.3197115503717214 0.07692307978868484 0.10096154222264886
1 0.4927884798962623 0.353365397779271 0.057692309841513634 0.08173077227547765
1 0.5240384810604155 0.3689903983613476 0.03365384740754962 0.05528846359811723
1 0.6033654070924968 0.3437500128056854 0.05288461735472083 0.08173077227547765
1 0.6382211776217446 0.3629807827528566 0.040865386137738824 0.05288461735472083
1 0.730769257992506 0.3401442434405908 0.05288461735472083 0.07451923354528844
1 0.7560096435481682 0.3509615515358746 0.03605769365094602 0.057692309841513634
1 0.778846182860434 0.377403860213235 0.03365384740754962 0.04807692486792803
1 0.8449519545538351 0.3750000139698386 0.03125000116415322 0.03365384740754962
1 0.8870192638132721 0.39423078391700983 0.03365384740754962 0.028846154920756817
0 0.12379808153491467 0.024038462433964014 0.12740385090000927 0.04807692486792803
