0 0.1550480826990679 0.3759036222472787 0.06971154105849564 0.086746989749372
0 0.23918270121794194 0.37108434503898025 0.14182692836038768 0.18795181112363935
0 0.7500000279396772 0.3457831396954134 0.1586538520641625 0.18554217251949012
0 0.4807692486792803 0.3759036222472787 0.11057692719623446 0.130120484624058
0 0.3149038578849286 0.3638554292265326 0.07692307978868484 0.12530120741575956
0 0.057692309841513634 0.34939759760163724 0.11538461968302727 0.3325301273725927
0 0.6790865637594834 0.36024097132030874 0.060096156084910035 0.12771084601990879
1 0.9266827268293127 0.3445783203933388 0.09375000349245965 0.10602409858256578
0 0.23798077809624374 0.03132530185393989 0.14423077460378408 0.06265060370787978
0 0.7512019510613754 0.043373494874686 0.1610576983075589 0.086746989749372
0 0.4819711718009785 0.014457831624895334 0.11298077343963087 0.02891566324979067
0 0.3161057810066268 0.01927710883319378 0.07932692603208125 0.03855421766638756
0 0.058894232963211834 0.07831325463484973 0.11778846592642367 0.15662650926969945
0 0.6778846406377852 0.021686747437343 0.06250000232830644 0.043373494874686
1 0.9254808037076145 0.024096386041492224 0.09615384973585606 0.04819277208298445
