0 0.6117788689443842 0.41706732322927564 0.1610576983075589 0.1706730832811445
0 0.1538461595773697 0.3485577052924782 0.03846153989434242 0.04807692486792803
0 0.27043270238209516 0.3425480896839872 0.04567307862453163 0.040865386137738824
0 0.5096154036000371 0.28485577984247357 0.05288461735472083 0.07932692603208125
0 0.8930288794217631 0.44711540127173066 0.03605769365094602 0.03846153989434242
0 0.5841346371453255 0.3125000116415322 0.05288461735472083 0.03846153989434242
0 0.1550480826990679 0.004807692486792803 0.040865386137738824 0.009615384973585606
0 0.26923077926039696 0.0060096156084910035 0.04807692486792803 0.012019231216982007
0 0.5096154036000371 0.04927884798962623 0.05288461735472083 0.07932692603208125
0 0.5841346371453255 0.01923076994717121 0.05288461735472083 0.03846153989434242
