1 0.8617788782576099 0.377403860213235 0.07932692603208125 0.08653846476227045
1 0.46153847873210907 0.41586540010757744 0.06730769481509924 0.09134615724906325
1 0.24278847058303654 0.40745193825569004 0.07692307978868484 0.10336538846604526
1 0.03485577052924782 0.4699519405839965 0.060096156084910035 0.08894231100566685
1 0.1838942376198247 0.39903847640380263 0.06490384857170284 0.08173077227547765
1 0.7475961816962808 0.3605769365094602 0.09615384973585606 0.11057692719623446
1 0.5564904053462669 0.40625001513399184 0.09375000349245965 0.11057692719623446
1 0.9411058042896912 0.40384616889059544 0.05528846359811723 0.06730769481509924
1 0.7031250261934474 0.389423091430217 0.060096156084910035 0.09615384973585606
1 0.3497596284141764 0.39062501455191523 0.08894231100566685 0.11298077343963087
1 0.08052884915377945 0.43389424693305045 0.04567307862453163 0.08413461851887405
1 0.8617788782576099 0.05528846359811723 0.07932692603208125 0.08653846476227045
1 0.46274040185380727 0.03245192428585142 0.06971154105849564 0.06490384857170284
1 0.24399039370473474 0.03966346301604062 0.07932692603208125 0.07932692603208125
1 0.1826923144981265 0.03846153989434242 0.06730769481509924 0.07692307978868484
1 0.7475961816962808 0.07211538730189204 0.09615384973585606 0.11057692719623446
1 0.5552884822245687 0.042067309259437025 0.09615384973585606 0.08413461851887405
1 0.939903881167993 0.03245192428585142 0.057692309841513634 0.06490384857170284
1 0.7019231030717492 0.04687500174622983 0.06250000232830644 0.09375000349245965
1 0.3485577052924782 0.05048077111132443 0.09134615724906325 0.10096154222264886
1 0.07932692603208125 0.021634616190567613 0.04807692486792803 0.043269232381135225
