0 0.08052884915377945 0.4843373594339937 0.05048077111132443 0.05301204929128289
0 0.08413461851887405 0.43734940665308386 0.04807692486792803 0.05060241068713367
0 0.13822115899529308 0.3975903696846217 0.040865386137738824 0.04819277208298445
0 0.27524039486888796 0.36265060992445797 0.04567307862453163 0.065060242312029
0 0.3629807827528566 0.36987952573690563 0.04807692486792803 0.05060241068713367
0 0.43750001629814506 0.38313253805972636 0.043269232381135225 0.05301204929128289
0 0.4915865567745641 0.39277109247632325 0.040865386137738824 0.03373494045808911
0 0.5444711741292849 0.39277109247632325 0.05528846359811723 0.043373494874686
1 0.3281250122236088 0.5277108543086797 0.05528846359811723 0.043373494874686
1 0.42908655444625765 0.5060241068713367 0.04567307862453163 0.05301204929128289
