0 0.5649038671981543 0.44939759967383 0.08173077227547765 0.11325301439501345
0 0.40865386137738824 0.3554216941120103 0.04807692486792803 0.06024096510373056
0 0.305288472911343 0.42771085223648697 0.03365384740754962 0.04096385627053678
0 0.27524039486888796 0.4072289241012186 0.026442308677360415 0.03373494045808911
0 0.1718750064028427 0.3228915729559958 0.026442308677360415 0.03373494045808911
0 0.044471155502833426 0.3445783203933388 0.021634616190567613 0.03373494045808911
0 0.25961539428681135 0.3240963922580704 0.01923076994717121 0.03132530185393989
0 0.3750000139698386 0.32771085016429424 0.03846153989434242 0.04819277208298445
0 0.6959134874632582 0.3204819343518466 0.01682692370377481 0.02891566324979067
0 0.8125000302679837 0.303614464122802 0.024038462433964014 0.03855421766638756
0 0.1706730832811445 0.004819277208298445 0.028846154920756817 0.00963855441659689
0 0.26081731740850955 0.0036144579062238336 0.021634616190567613 0.007228915812447667
0 0.3762019370915368 0.006024096510373056 0.040865386137738824 0.012048193020746112
0 0.69471156434156 0.004819277208298445 0.01923076994717121 0.00963855441659689
0 0.8137019533896819 0.015662650926969945 0.026442308677360415 0.03132530185393989
