0 0.7656250285217538 0.32771085016429424 0.13221154338680208 0.14457831624895334
0 0.5276442504255101 0.40240964689292014 0.09375000349245965 0.11566265299916267
0 0.42548078508116305 0.47951808222569525 0.05288461735472083 0.05301204929128289
0 0.25240385555662215 0.32650603086221963 0.057692309841513634 0.045783133478835225
1 0.9230769574642181 0.33734940458089113 0.14423077460378408 0.20240964274853468
1 0.5901442527538165 0.4325301294447854 0.040865386137738824 0.045783133478835225
0 0.39663463016040623 0.46867470850702375 0.024038462433964014 0.03132530185393989
0 0.7644231054000556 0.03975903696846217 0.13461538963019848 0.07951807393692434
0 0.25360577867832035 0.015662650926969945 0.060096156084910035 0.03132530185393989
1 0.9242788805859163 0.04939759138505906 0.14663462084718049 0.09879518277011812
