0 0.1778846220113337 0.34939759760163724 0.07211538730189204 0.08192771254107356
0 0.3725961677264422 0.43614458735100925 0.10096154222264886 0.0963855441659689
0 0.27644231799058616 0.5216867577983066 0.1538461595773697 0.14216867764480412
1 0.8437500314321369 0.2710843429667875 0.08653846476227045 0.10361445997841656
1 0.7055288724368438 0.2987951869145036 0.05528846359811723 0.07228915812447667
1 0.44230770878493786 0.3337349466746673 0.06730769481509924 0.06987951952032745
0 0.6057692533358932 0.32650603086221963 0.03846153989434242 0.055421687895432115
0 0.5444711741292849 0.3457831396954134 0.040865386137738824 0.055421687895432115
0 0.5108173267217353 0.34819277829956263 0.03125000116415322 0.045783133478835225
0 0.4663461712189019 0.3445783203933388 0.03365384740754962 0.05783132649958134
1 0.6730769481509924 0.3313253080705181 0.04807692486792803 0.045783133478835225
1 0.9290865730727091 0.3204819343518466 0.03605769365094602 0.05301204929128289
0 0.1790865451330319 0.013253012322820723 0.07451923354528844 0.026506024645641446
1 0.8437500314321369 0.06385542300995439 0.08653846476227045 0.10361445997841656
1 0.7043269493151456 0.036144579062238336 0.057692309841513634 0.07228915812447667
1 0.44350963190663606 0.018072289531119168 0.06971154105849564 0.036144579062238336
0 0.6069711764575914 0.018072289531119168 0.040865386137738824 0.036144579062238336
0 0.5432692510075867 0.008433735114522278 0.043269232381135225 0.016867470229044557
0 0.5096154036000371 0.004819277208298445 0.03365384740754962 0.00963855441659689
0 0.4675480943406001 0.00963855441659689 0.03605769365094602 0.01927710883319378
1 0.6742788712726906 0.013253012322820723 0.05048077111132443 0.026506024645641446
1 0.9278846499510109 0.02048192813526839 0.03846153989434242 0.04096385627053678
