0 0.14182692836038768 0.563855433370918 0.1634615445509553 0.1927710883319378
0 0.24399039370473474 0.4843373594339937 0.09855769597925246 0.130120484624058
0 0.41586540010757744 0.5060241068713367 0.057692309841513634 0.08192771254107356
0 0.39783655328210443 0.45783133478835225 0.040865386137738824 0.043373494874686
0 0.45312501688022166 0.4542168768821284 0.05048077111132443 0.065060242312029
0 0.5600961747113615 0.4602409733925015 0.057692309841513634 0.08192771254107356
0 0.6442307932302356 0.6734939898597077 0.26442308677360415 0.2144578357692808
0 0.7415865660877898 0.5253012157045305 0.09855769597925246 0.10602409858256578
0 0.8197115689981729 0.48072290152776986 0.09134615724906325 0.10361445997841656
0 0.9663461898453534 0.5542168789543211 0.057692309841513634 0.1831325339153409
0 0.7139423342887312 0.4289156715385616 0.057692309841513634 0.08192771254107356
0 0.610576945822686 0.4831325401319191 0.10096154222264886 0.07951807393692434
0 0.610576945822686 0.5783132649958134 0.1682692370377481 0.1397590390406549
0 0.670673101907596 0.49036145594436675 0.057692309841513634 0.07951807393692434
0 0.6418269469868392 0.4325301294447854 0.06730769481509924 0.05060241068713367
0 0.14302885148208588 0.9506024293368682 0.1658653907943517 0.09397590556181967
0 0.45192309375852346 0.00963855441659689 0.05288461735472083 0.01927710883319378
0 0.5612980978330597 0.0108433737186715 0.060096156084910035 0.021686747437343
0 0.6442307932302356 0.8927711028372869 0.26442308677360415 0.2144578357692808
0 0.9675481129670516 0.9578313451493159 0.060096156084910035 0.07951807393692434
0 0.7151442574104294 0.026506024645641446 0.060096156084910035 0.05301204929128289
0 0.6117788689443842 0.9566265258472413 0.1706730832811445 0.08192771254107356
0 0.6430288701085374 0.016867470229044557 0.06971154105849564 0.03373494045808911
