1 0.8641827245010063 0.3638554292265326 0.06490384857170284 0.08192771254107356
1 0.3100961653981358 0.40602410479914397 0.07211538730189204 0.09879518277011812
1 0.44591347815003246 0.4228915750281885 0.06971154105849564 0.09397590556181967
1 0.9603365742368624 0.34819277829956263 0.07451923354528844 0.09397590556181967
1 0.5697115596849471 0.39156627317424864 0.09134615724906325 0.108433737186715
1 0.7379807967226952 0.4000000082887709 0.057692309841513634 0.06746988091617823
1 0.044471155502833426 0.4096385627053678 0.026442308677360415 0.02891566324979067
1 0.25841347116511315 0.40602410479914397 0.021634616190567613 0.03132530185393989
1 0.21754808502737433 0.4192771171219647 0.021634616190567613 0.024096386041492224
1 0.19591346883680671 0.4108433820074424 0.021634616190567613 0.03132530185393989
