0 0.7992788759293035 0.730769257992506 0.06971154105849564 0.08173077227547765
0 0.7896634909557179 0.5973557914840057 0.04567307862453163 0.04567307862453163
1 0.10216346534434706 0.4975961723830551 0.05048077111132443 0.057692309841513634
1 0.24759616306982934 0.5793269446585327 0.07211538730189204 0.06250000232830644
1 0.1682692370377481 0.5168269423302263 0.057692309841513634 0.04807692486792803
1 0.13581731275189668 0.5300480966689065 0.040865386137738824 0.040865386137738824
1 0.9086538800038397 0.6262019464047626 0.03365384740754962 0.03605769365094602
1 0.8942308025434613 0.6598557938123122 0.043269232381135225 0.04567307862453163
1 0.7175481036538258 0.6454327163519338 0.05048077111132443 0.05528846359811723
1 0.712740411167033 0.5817307909019291 0.03605769365094602 0.03846153989434242
1 0.3449519359273836 0.6454327163519338 0.07451923354528844 0.06490384857170284
1 0.42307693883776665 0.5949519452406093 0.057692309841513634 0.060096156084910035
1 0.3762019370915368 0.5625000209547579 0.04567307862453163 0.05288461735472083
1 0.5204327116953209 0.5841346371453255 0.040865386137738824 0.03365384740754962
1 0.5709134828066453 0.6129807920660824 0.04567307862453163 0.03846153989434242
1 0.6213942539179698 0.6322115620132536 0.040865386137738824 0.05288461735472083
1 0.5000000186264515 0.6778846406377852 0.06250000232830644 0.057692309841513634
1 0.670673101907596 0.6310096388915554 0.043269232381135225 0.05048077111132443
1 0.5576923284679651 0.5673077134415507 0.028846154920756817 0.03365384740754962
