0 0.7331731042359024 0.329326935345307 0.08653846476227045 0.09615384973585606
0 0.8185096458764747 0.3786057833349332 0.09375000349245965 0.10817308095283806
0 0.39423078391700983 0.3858173220651224 0.06730769481509924 0.07932692603208125
0 0.1947115457151085 0.43389424693305045 0.07211538730189204 0.06971154105849564
0 0.03245192428585142 0.3016827035462484 0.05528846359811723 0.06971154105849564
0 0.21875000814907253 0.3257211659802124 0.05288461735472083 0.09375000349245965
0 0.40384616889059544 0.24759616306982934 0.04807692486792803 0.06250000232830644
0 0.1899038532283157 0.19831731508020312 0.04807692486792803 0.05048077111132443
0 0.3389423203188926 0.21033654629718512 0.04807692486792803 0.05528846359811723
0 0.6502404088387266 0.4963942492613569 0.08413461851887405 0.07451923354528844
0 0.7343750273576006 0.026442308677360415 0.08894231100566685 0.05288461735472083
0 0.03125000116415322 0.03365384740754962 0.057692309841513634 0.06730769481509924
0 0.21995193127077073 0.027644231799058616 0.05528846359811723 0.05528846359811723
0 0.40384616889059544 0.08413461851887405 0.04807692486792803 0.06250000232830644
0 0.1899038532283157 0.13581731275189668 0.04807692486792803 0.05048077111132443
0 0.3389423203188926 0.12379808153491467 0.04807692486792803 0.05528846359811723
