1 0.1730769295245409 0.3530120555078611 0.10576923470944166 0.11325301439501345
1 0.8665865707444027 0.3650602485286072 0.06490384857170284 0.08915662835352123
1 0.5673077134415507 0.3433735010912642 0.08173077227547765 0.108433737186715
1 0.34735578217078 0.3325301273725927 0.09375000349245965 0.10602409858256578
1 0.7403846429660916 0.3204819343518466 0.10576923470944166 0.13493976183235645
1 0.9627404204802588 0.3457831396954134 0.05528846359811723 0.08915662835352123
1 0.5180288654519245 0.3759036222472787 0.040865386137738824 0.06746988091617823
1 0.6213942539179698 0.3566265134140849 0.040865386137738824 0.06746988091617823
1 0.09615384973585606 0.37349398364312947 0.04807692486792803 0.06746988091617823
1 0.24639423994813114 0.37228916434105486 0.03125000116415322 0.045783133478835225
1 0.027644231799058616 0.3867469959659502 0.05048077111132443 0.06987951952032745
1 0.4675480943406001 0.3783132608514279 0.03125000116415322 0.03855421766638756
1 0.6502404088387266 0.36987952573690563 0.040865386137738824 0.055421687895432115
1 0.41947116947267205 0.39397591177839786 0.040865386137738824 0.05060241068713367
1 0.39663463016040623 0.3542168748099357 0.03365384740754962 0.05783132649958134
1 0.9807692673057318 0.3096385606331751 0.028846154920756817 0.12771084601990879
1 0.1742788526462391 0.01927710883319378 0.10817308095283806 0.03855421766638756
1 0.5685096365632489 0.022891566739417613 0.08413461851887405 0.045783133478835225
1 0.3461538590490818 0.027710843947716057 0.09615384973585606 0.055421687895432115
1 0.7415865660877898 0.04096385627053678 0.10817308095283806 0.08192771254107356
1 0.9615384973585606 0.016867470229044557 0.057692309841513634 0.03373494045808911
1 0.98197119042743 0.044578314176760614 0.03125000116415322 0.08915662835352123
