0 0.14062500523868948 0.6081730995792896 0.1706730832811445 0.12500000465661287
0 0.8942308025434613 0.706730795558542 0.20192308444529772 0.21153846941888332
0 0.7283654117491096 0.63461540825665 0.06730769481509924 0.06730769481509924
0 0.34735578217078 0.6538461782038212 0.08894231100566685 0.08173077227547765
0 0.6718750250292942 0.6899038718547672 0.09855769597925246 0.11538461968302727
2 0.1706730832811445 0.69471156434156 0.3317307815887034 0.26442308677360415
2 0.3629807827528566 0.7223557961406186 0.23076923936605453 0.20913462317548692
2 0.6574519475689158 0.7319711811142042 0.23317308560945094 0.1899038532283157
2 0.7512019510613754 0.7175481036538258 0.10817308095283806 0.21875000814907253
0 0.8954327256651595 0.9218750343425199 0.20432693068869412 0.1514423133339733
0 0.3461538590490818 0.9807692673057318 0.09134615724906325 0.03365384740754962
0 0.670673101907596 0.9543269586283714 0.10096154222264886 0.08653846476227045
2 0.1718750064028427 0.9146634956123307 0.3341346278320998 0.1658653907943517
2 0.3641827058745548 0.9146634956123307 0.23317308560945094 0.1658653907943517
2 0.6562500244472176 0.9146634956123307 0.23557693185284734 0.1658653907943517
2 0.7500000279396772 0.9146634956123307 0.11057692719623446 0.1658653907943517
