0 0.13581731275189668 0.3674698871327564 0.12740385090000927 0.15662650926969945
0 0.27283654862549156 0.36024097132030874 0.11778846592642367 0.14216867764480412
0 0.43149040068965405 0.3879518152680248 0.10817308095283806 0.13493976183235645
0 0.4675480943406001 0.3240963922580704 0.07451923354528844 0.108433737186715
0 0.7848557984689251 0.3349397659767419 0.10336538846604526 0.1493975934572518
0 0.7235577192623168 0.3795180801535025 0.08173077227547765 0.09879518277011812
1 0.5564904053462669 0.3566265134140849 0.11778846592642367 0.15421687066555023
1 0.9543269586283714 0.3421686817891896 0.06730769481509924 0.10602409858256578
0 0.8737981094745919 0.3433735010912642 0.05528846359811723 0.09397590556181967
0 0.13461538963019848 0.02048192813526839 0.12980769714340568 0.04096385627053678
0 0.27163462550379336 0.02048192813526839 0.12019231216982007 0.04096385627053678
0 0.4663461712189019 0.03012048255186528 0.07692307978868484 0.06024096510373056
0 0.7836538753472269 0.034939759760163724 0.10576923470944166 0.06987951952032745
1 0.5552884822245687 0.025301205343566835 0.12019231216982007 0.05060241068713367
1 0.9555288817500696 0.02048192813526839 0.06971154105849564 0.04096385627053678
0 0.8725961863528937 0.016867470229044557 0.057692309841513634 0.03373494045808911
