1 0.5060096342349425 0.3662650678306818 0.08894231100566685 0.10602409858256578
1 0.8076923377811909 0.3650602485286072 0.09134615724906325 0.10361445997841656
1 0.06610577169340104 0.33975904318504035 0.09855769597925246 0.130120484624058
1 0.3437500128056854 0.3650602485286072 0.07211538730189204 0.09879518277011812
1 0.1490384670905769 0.3445783203933388 0.10576923470944166 0.11084337579086423
1 0.6838942562462762 0.3325301273725927 0.09375000349245965 0.130120484624058
1 0.5048077111132443 0.0108433737186715 0.09134615724906325 0.021686747437343
1 0.8088942609028891 0.0108433737186715 0.09375000349245965 0.021686747437343
1 0.06490384857170284 0.03012048255186528 0.10096154222264886 0.06024096510373056
1 0.3449519359273836 0.00963855441659689 0.07451923354528844 0.01927710883319378
1 0.1502403902122751 0.022891566739417613 0.10817308095283806 0.045783133478835225
1 0.682692333124578 0.03373494045808911 0.09615384973585606 0.06746988091617823
