1 0.28365385672077537 0.3445783203933388 0.12980769714340568 0.1831325339153409
1 0.7379807967226952 0.43855422595515847 0.12980769714340568 0.173493979498744
1 0.4699519405839965 0.3975903696846217 0.11778846592642367 0.15421687066555023
1 0.8497596470406279 0.3421686817891896 0.12740385090000927 0.16867470229044557
1 0.7271634886274114 0.34939759760163724 0.10336538846604526 0.10120482137426734
1 0.1670673139160499 0.36144579062238336 0.10336538846604526 0.12048193020746112
1 0.061298079206608236 0.3361445852788165 0.11778846592642367 0.16626506368629634
1 0.652644255082123 0.4012048275908455 0.07451923354528844 0.13253012322820723
1 0.951923112384975 0.33855422388296574 0.08653846476227045 0.17590361810289323
1 0.5264423273038119 0.3746988029452041 0.06250000232830644 0.14216867764480412
1 0.3485577052924782 0.38072289945557714 0.06730769481509924 0.15421687066555023
1 0.28485577984247357 0.07710843533277512 0.13221154338680208 0.15421687066555023
1 0.7391827198443934 0.027710843947716057 0.13221154338680208 0.055421687895432115
1 0.4687500174622983 0.043373494874686 0.12019231216982007 0.086746989749372
1 0.8485577239189297 0.0746987967286259 0.12980769714340568 0.1493975934572518
1 0.7271634886274114 0.055421687895432115 0.10336538846604526 0.10120482137426734
1 0.1658653907943517 0.05301204929128289 0.10576923470944166 0.10602409858256578
1 0.060096156084910035 0.07710843533277512 0.12019231216982007 0.15421687066555023
1 0.6514423319604248 0.036144579062238336 0.07692307978868484 0.07228915812447667
1 0.9531250355066732 0.07831325463484973 0.08894231100566685 0.15662650926969945
1 0.5276442504255101 0.05180722998920828 0.06490384857170284 0.10361445997841656
1 0.3497596284141764 0.05180722998920828 0.06971154105849564 0.10361445997841656
