0 0.9110577262472361 0.35060241690371186 0.06250000232830644 0.06987951952032745
0 0.335336550953798 0.3975903696846217 0.08413461851887405 0.07710843533277512
0 0.5264423273038119 0.3891566345700994 0.06730769481509924 0.06987951952032745
0 0.7680288747651502 0.3530120555078611 0.04567307862453163 0.05060241068713367
0 0.7175481036538258 0.3879518152680248 0.05528846359811723 0.07228915812447667
0 0.9110577262472361 0.0855421704472974 0.06250000232830644 0.06987951952032745
0 0.3341346278320998 0.03855421766638756 0.08653846476227045 0.07710843533277512
0 0.5264423273038119 0.046987952780909836 0.06730769481509924 0.06987951952032745
0 0.7680288747651502 0.08313253184314817 0.04567307862453163 0.05060241068713367
0 0.7175481036538258 0.045783133478835225 0.05528846359811723 0.07228915812447667
