1 0.27403847174718976 0.39397591177839786 0.07211538730189204 0.08433735114522278
1 0.7920673371991143 0.37228916434105486 0.07451923354528844 0.08433735114522278
1 0.1718750064028427 0.4108433820074424 0.07451923354528844 0.07951807393692434
1 0.40745193825569004 0.3891566345700994 0.06971154105849564 0.0746987967286259
1 0.6382211776217446 0.390361453872174 0.06490384857170284 0.07710843533277512
1 0.03245192428585142 0.4000000082887709 0.05048077111132443 0.06265060370787978
1 0.9531250355066732 0.38313253805972636 0.05048077111132443 0.05301204929128289
1 0.12500000465661287 0.40602410479914397 0.03365384740754962 0.05060241068713367
1 0.27403847174718976 0.046987952780909836 0.07211538730189204 0.08433735114522278
1 0.7920673371991143 0.06867470021825284 0.07451923354528844 0.08433735114522278
1 0.1706730832811445 0.034939759760163724 0.07692307978868484 0.06987951952032745
1 0.40745193825569004 0.05180722998920828 0.06971154105849564 0.0746987967286259
1 0.6382211776217446 0.04819277208298445 0.06490384857170284 0.07710843533277512
1 0.03245192428585142 0.03855421766638756 0.05048077111132443 0.06265060370787978
1 0.9531250355066732 0.055421687895432115 0.05048077111132443 0.05301204929128289
1 0.12500000465661287 0.034939759760163724 0.03365384740754962 0.05060241068713367
