0 0.8701923401094973 0.33855422388296574 0.08173077227547765 0.09397590556181967
0 0.9675481129670516 0.3204819343518466 0.05528846359811723 0.11566265299916267
1 0.6442307932302356 0.35180723620578647 0.07211538730189204 0.08192771254107356
1 0.20312500756699592 0.3012048255186528 0.10336538846604526 0.12048193020746112
1 0.3197115503717214 0.3566265134140849 0.06250000232830644 0.08192771254107356
1 0.44471155502833426 0.33855422388296574 0.05288461735472083 0.06987951952032745
0 0.7223557961406186 0.3457831396954134 0.05048077111132443 0.07951807393692434
0 0.8713942632311955 0.021686747437343 0.08413461851887405 0.043373494874686
0 0.9663461898453534 0.036144579062238336 0.057692309841513634 0.07228915812447667
1 0.6454327163519338 0.012048193020746112 0.07451923354528844 0.024096386041492224
1 0.20192308444529772 0.046987952780909836 0.10576923470944166 0.09397590556181967
1 0.3209134734934196 0.00963855441659689 0.06490384857170284 0.01927710883319378
1 0.44591347815003246 0.015662650926969945 0.05528846359811723 0.03132530185393989
0 0.7211538730189204 0.014457831624895334 0.05288461735472083 0.02891566324979067
