0 0.2980769341811538 0.6590361582348123 0.12500000465661287 0.12771084601990879
0 0.6129807920660824 0.4216867557261139 0.11057692719623446 0.10602409858256578
0 0.1574519289424643 0.3987951889866963 0.11778846592642367 0.09397590556181967
0 0.43028847756795585 0.37349398364312947 0.09615384973585606 0.12530120741575956
0 0.1706730832811445 0.4819277208298445 0.1490384670905769 0.130120484624058
0 0.3497596284141764 0.21084337786305696 0.09375000349245965 0.08433735114522278
1 0.25120193243492395 0.3337349466746673 0.08894231100566685 0.09879518277011812
1 0.4915865567745641 0.6710843512555584 0.13701923587359488 0.1180722916033119
1 0.6670673325425014 0.7108433882240206 0.10336538846604526 0.10120482137426734
1 0.7271634886274114 0.4518072382779792 0.12740385090000927 0.1180722916033119
0 0.299278857302852 0.9710843574721366 0.12740385090000927 0.05301204929128289
0 0.3497596284141764 0.12409638811368495 0.09375000349245965 0.08433735114522278
1 0.25000000931322575 0.025301205343566835 0.09134615724906325 0.05060241068713367
1 0.4903846336528659 0.9674698995659128 0.13942308211699128 0.06024096510373056
1 0.6658654094208032 0.9518072486389428 0.10576923470944166 0.09156626695767045
