0 0.11538461968302727 0.3810096295783296 0.1490384670905769 0.20913462317548692
0 0.3088942422764376 0.3870192451868206 0.3149038578849286 0.3557692440226674
0 0.060096156084910035 0.40865386137738824 0.08173077227547765 0.11057692719623446
2 0.5168269423302263 0.5360577122773975 0.6923077180981636 0.5961538683623075
2 0.1478365439688787 0.5480769434943795 0.1610576983075589 0.5240384810604155
2 0.07091346418019384 0.6021634839707986 0.11778846592642367 0.4735577099490911
0 0.3076923191547394 0.04567307862453163 0.317307704128325 0.09134615724906325
2 0.5180288654519245 0.9278846499510109 0.69471156434156 0.13942308211699128
2 0.14663462084718049 0.939903881167993 0.1634615445509553 0.11538461968302727
2 0.06971154105849564 0.9254808037076145 0.12019231216982007 0.14423077460378408
