0 0.20913462317548692 0.3216867536539212 0.06730769481509924 0.06987951952032745
0 0.08052884915377945 0.346987958997488 0.05528846359811723 0.06746988091617823
0 0.7980769528076053 0.36987952573690563 0.057692309841513634 0.06987951952032745
1 0.28485577984247357 0.36144579062238336 0.04567307862453163 0.05783132649958134
1 0.8798077250830829 0.36024097132030874 0.06250000232830644 0.06987951952032745
1 0.43389424693305045 0.3566265134140849 0.05048077111132443 0.05783132649958134
1 0.6298077157698572 0.3554216941120103 0.057692309841513634 0.06024096510373056
1 0.1610576983075589 0.3445783203933388 0.043269232381135225 0.04819277208298445
0 0.21033654629718512 0.024096386041492224 0.06971154105849564 0.04819277208298445
0 0.07932692603208125 0.0108433737186715 0.057692309841513634 0.021686747437343
1 0.1622596214292571 0.007228915812447667 0.04567307862453163 0.014457831624895334
