1 0.939903881167993 0.3566265134140849 0.07692307978868484 0.10120482137426734
1 0.5408654047641903 0.39397591177839786 0.06250000232830644 0.09397590556181967
1 0.7944711834425107 0.4096385627053678 0.07451923354528844 0.086746989749372
1 0.29326924169436097 0.412048201309517 0.06250000232830644 0.08192771254107356
1 0.5949519452406093 0.4096385627053678 0.05528846359811723 0.06265060370787978
1 0.8677884938661009 0.4228915750281885 0.057692309841513634 0.07951807393692434
1 0.7211538730189204 0.4108433820074424 0.06250000232830644 0.0746987967286259
1 0.43269232381135225 0.4096385627053678 0.06730769481509924 0.086746989749372
1 0.14663462084718049 0.3963855503825471 0.04807692486792803 0.065060242312029
1 0.40985578449908644 0.35180723620578647 0.060096156084910035 0.06265060370787978
1 0.20673077693209052 0.40361446619499475 0.04807692486792803 0.06024096510373056
