1 0.5721154059283435 0.43389424693305045 0.08173077227547765 0.11778846592642367
1 0.1682692370377481 0.39182693767361343 0.08173077227547765 0.10096154222264886
1 0.45913463248871267 0.42427886195946485 0.06730769481509924 0.07932692603208125
1 0.8209134921198711 0.3870192451868206 0.09855769597925246 0.12500000465661287
1 0.6862981024896726 0.43149040068965405 0.040865386137738824 0.05528846359811723
1 0.29086539545096457 0.42187501571606845 0.03846153989434242 0.05048077111132443
1 0.40264424576889724 0.43389424693305045 0.026442308677360415 0.04567307862453163
1 0.3617788596311584 0.44471155502833426 0.03125000116415322 0.03365384740754962
1 0.63461540825665 0.43750001629814506 0.04807692486792803 0.06250000232830644
1 0.987980806035921 0.41466347698587924 0.01923076994717121 0.06490384857170284
