0 0.8389423389453441 0.33855422388296574 0.09134615724906325 0.108433737186715
1 0.7620192591566592 0.3421686817891896 0.06730769481509924 0.08192771254107356
1 0.4927884798962623 0.36144579062238336 0.057692309841513634 0.07228915812447667
1 0.5781250215368345 0.37108434503898025 0.04567307862453163 0.06746988091617823
1 0.13221154338680208 0.38433735736180097 0.08653846476227045 0.08915662835352123
0 0.25360577867832035 0.3867469959659502 0.07451923354528844 0.08433735114522278
1 0.45192309375852346 0.37349398364312947 0.03365384740754962 0.05301204929128289
1 0.7199519498972222 0.3662650678306818 0.040865386137738824 0.05783132649958134
0 0.8401442620670423 0.025301205343566835 0.09375000349245965 0.05060241068713367
1 0.7632211822783574 0.016867470229044557 0.06971154105849564 0.03373494045808911
