0 0.6021634839707986 0.33012048876844347 0.06490384857170284 0.07710843533277512
0 0.24399039370473474 0.3445783203933388 0.060096156084910035 0.08192771254107356
0 0.7968750296859071 0.368674706434831 0.07451923354528844 0.08192771254107356
0 0.7091346418019384 0.3578313327161595 0.057692309841513634 0.065060242312029
0 0.44711540127173066 0.3578313327161595 0.05288461735472083 0.06987951952032745
0 0.2980769341811538 0.34939759760163724 0.04807692486792803 0.06746988091617823
0 0.34735578217078 0.37108434503898025 0.040865386137738824 0.06265060370787978
0 0.5132211729651317 0.39156627317424864 0.03125000116415322 0.045783133478835225
0 0.5540865591028705 0.3771084415493533 0.040865386137738824 0.06024096510373056
0 0.6009615608491004 0.021686747437343 0.06730769481509924 0.043373494874686
0 0.24278847058303654 0.015662650926969945 0.06250000232830644 0.03132530185393989
0 0.299278857302852 0.00963855441659689 0.05048077111132443 0.01927710883319378
