0 0.9495192661415786 0.5746988070895895 0.08173077227547765 0.09397590556181967
0 0.21875000814907253 0.3024096448207274 0.057692309841513634 0.065060242312029
0 0.5829327140236273 0.28554217459168285 0.04567307862453163 0.045783133478835225
0 0.5036057879915461 0.30602410272695124 0.03605769365094602 0.05301204929128289
1 0.22956731624435633 0.6325301335891709 0.09375000349245965 0.09397590556181967
1 0.3377403971971944 0.6204819405684248 0.07932692603208125 0.09397590556181967
1 0.7968750296859071 0.5867470001103356 0.08413461851887405 0.0746987967286259
1 0.8918269563000649 0.5843373615061864 0.06730769481509924 0.07951807393692434
0 0.21995193127077073 0.0325301211560145 0.060096156084910035 0.065060242312029
0 0.5829327140236273 0.04939759138505906 0.04567307862453163 0.045783133478835225
0 0.5036057879915461 0.026506024645641446 0.03605769365094602 0.05301204929128289
