0 0.1478365439688787 0.3389423203188926 0.08894231100566685 0.11057692719623446
0 0.8846154175698757 0.3737980908481404 0.07211538730189204 0.09375000349245965
0 0.377403860213235 0.3846153989434242 0.04807692486792803 0.06730769481509924
0 0.09615384973585606 0.353365397779271 0.03365384740754962 0.06250000232830644
1 0.5865384833887219 0.3365384740754962 0.06250000232830644 0.07692307978868484
1 0.29086539545096457 0.3737980908481404 0.06250000232830644 0.07451923354528844
1 0.44471155502833426 0.3665865521179512 0.057692309841513634 0.07451923354528844
1 0.730769257992506 0.3810096295783296 0.05288461735472083 0.060096156084910035
1 0.8197115689981729 0.3737980908481404 0.05288461735472083 0.06490384857170284
1 0.5048077111132443 0.3569711671443656 0.057692309841513634 0.06971154105849564
0 0.14663462084718049 0.030048078042455018 0.09134615724906325 0.060096156084910035
0 0.09735577285755426 0.010817308095283806 0.03605769365094602 0.021634616190567613
1 0.5877404065104201 0.022836539312265813 0.06490384857170284 0.04567307862453163
1 0.44591347815003246 0.007211538730189204 0.060096156084910035 0.014423077460378408
1 0.5060096342349425 0.010817308095283806 0.060096156084910035 0.021634616190567613
