0 0.1634615445509553 0.3365384740754962 0.07211538730189204 0.09134615724906325
0 0.27524039486888796 0.28485577984247357 0.14663462084718049 0.1802884682547301
0 0.365384628996253 0.29326924169436097 0.07692307978868484 0.12500000465661287
1 0.7439904123311862 0.25841347116511315 0.1514423133339733 0.1754807757679373
1 0.8978365719085559 0.2968750110594556 0.11298077343963087 0.10817308095283806
1 0.6069711764575914 0.2980769341811538 0.10336538846604526 0.12980769714340568
0 0.1646634676726535 0.021634616190567613 0.07451923354528844 0.043269232381135225
0 0.27403847174718976 0.06971154105849564 0.1490384670905769 0.13942308211699128
0 0.3665865521179512 0.05168269423302263 0.07932692603208125 0.10336538846604526
1 0.742788489209488 0.08173077227547765 0.1538461595773697 0.1634615445509553
1 0.8966346487868577 0.04567307862453163 0.11538461968302727 0.09134615724906325
1 0.6057692533358932 0.05048077111132443 0.10576923470944166 0.10096154222264886
