0 0.8377404158236459 0.27403847174718976 0.20432693068869412 0.20192308444529772
0 0.670673101907596 0.26322116365190595 0.11057692719623446 0.11778846592642367
0 0.19711539195850492 0.23076923936605453 0.10576923470944166 0.12019231216982007
0 0.5709134828066453 0.28966347232926637 0.10336538846604526 0.14182692836038768
0 0.05288461735472083 0.24639423994813114 0.057692309841513634 0.07451923354528844
0 0.2980769341811538 0.23437500873114914 0.12980769714340568 0.13221154338680208
1 0.43990386254154146 0.24759616306982934 0.11057692719623446 0.13461538963019848
1 0.11658654280472547 0.24278847058303654 0.04567307862453163 0.06730769481509924
1 0.06730769481509924 0.6454327163519338 0.12980769714340568 0.20432693068869412
1 0.939903881167993 0.28245193359907717 0.06730769481509924 0.1706730832811445
0 0.8365384927019477 0.08052884915377945 0.20673077693209052 0.1610576983075589
0 0.670673101907596 0.07091346418019384 0.11057692719623446 0.11778846592642367
0 0.19711539195850492 0.10096154222264886 0.10576923470944166 0.12019231216982007
0 0.5697115596849471 0.057692309841513634 0.10576923470944166 0.11538461968302727
0 0.05288461735472083 0.08774038788396865 0.057692309841513634 0.07451923354528844
0 0.2980769341811538 0.09975961910095066 0.12980769714340568 0.13221154338680208
1 0.43990386254154146 0.08413461851887405 0.11057692719623446 0.13461538963019848
1 0.11658654280472547 0.08894231100566685 0.04567307862453163 0.06730769481509924
1 0.06850961793679744 0.9543269586283714 0.13221154338680208 0.08653846476227045
1 0.9411058042896912 0.06850961793679744 0.06971154105849564 0.13701923587359488
