0 0.5649038671981543 0.281927716685459 0.09615384973585606 0.12530120741575956
0 0.8197115689981729 0.3000000062165782 0.10576923470944166 0.14216867764480412
0 0.5072115573566407 0.3662650678306818 0.10576923470944166 0.130120484624058
0 0.3665865521179512 0.3349397659767419 0.10336538846604526 0.13493976183235645
0 0.6742788712726906 0.3542168748099357 0.10817308095283806 0.12530120741575956
0 0.22956731624435633 0.29518072900827974 0.09375000349245965 0.12771084601990879
0 0.5661057903198525 0.05783132649958134 0.09855769597925246 0.11566265299916267
0 0.8209134921198711 0.05301204929128289 0.10817308095283806 0.10602409858256578
0 0.5084134804783389 0.016867470229044557 0.10817308095283806 0.03373494045808911
0 0.365384628996253 0.03373494045808911 0.10576923470944166 0.06746988091617823
0 0.6730769481509924 0.021686747437343 0.11057692719623446 0.043373494874686
0 0.22836539312265813 0.05180722998920828 0.09615384973585606 0.10361445997841656
