0 0.8040865684160963 0.3566265134140849 0.07451923354528844 0.10120482137426734
0 0.26562500989530236 0.36265060992445797 0.06971154105849564 0.10361445997841656
0 0.1935096225934103 0.40361446619499475 0.06490384857170284 0.06987951952032745
1 0.5757211752934381 0.4000000082887709 0.06971154105849564 0.086746989749372
1 0.41346155386418104 0.39156627317424864 0.057692309841513634 0.0746987967286259
1 0.030048078042455018 0.42409639433026314 0.03605769365094602 0.04819277208298445
1 0.664663486299105 0.4216867557261139 0.040865386137738824 0.05301204929128289
0 0.7139423342887312 0.40481928549706936 0.043269232381135225 0.04819277208298445
0 0.8028846452943981 0.014457831624895334 0.07692307978868484 0.02891566324979067
0 0.26442308677360415 0.012048193020746112 0.07211538730189204 0.024096386041492224
