0 0.5913461758755147 0.25480770180001855 0.14423077460378408 0.1538461595773697
0 0.24399039370473474 0.3197115503717214 0.08894231100566685 0.10096154222264886
0 0.1670673139160499 0.3317307815887034 0.12259615841321647 0.14423077460378408
1 0.41105770762078464 0.3461538590490818 0.08173077227547765 0.09134615724906325
1 0.658653870690614 0.3028846266679466 0.07692307978868484 0.08173077227547765
0 0.5913461758755147 0.07692307978868484 0.14423077460378408 0.1538461595773697
0 0.24278847058303654 0.03245192428585142 0.09134615724906325 0.06490384857170284
0 0.1658653907943517 0.03725961677264422 0.12500000465661287 0.07451923354528844
1 0.41225963074248284 0.01682692370377481 0.08413461851887405 0.03365384740754962
1 0.6598557938123122 0.03605769365094602 0.07932692603208125 0.07211538730189204
