0 0.7776442597387359 0.35180723620578647 0.1514423133339733 0.16385542508214712
0 0.5216346348170191 0.42650603293441236 0.10096154222264886 0.12048193020746112
0 0.41706732322927564 0.5096385647775605 0.05048077111132443 0.06024096510373056
0 0.22115385439246893 0.34939759760163724 0.04807692486792803 0.05301204929128289
0 0.3762019370915368 0.5072289261734113 0.03605769365094602 0.045783133478835225
1 0.933894265559502 0.36265060992445797 0.12740385090000927 0.20963855856098235
1 0.5793269446585327 0.46867470850702375 0.05288461735472083 0.06024096510373056
0 0.7764423366170377 0.06867470021825284 0.1538461595773697 0.13734940043650568
0 0.5228365579387173 0.02048192813526839 0.10336538846604526 0.04096385627053678
0 0.22115385439246893 0.055421687895432115 0.04807692486792803 0.05301204929128289
1 0.9326923424378037 0.0746987967286259 0.12980769714340568 0.1493975934572518
