0 0.39543270703870803 0.5325301315169781 0.021634616190567613 0.02891566324979067
0 0.5336538660340011 0.5662650719750673 0.01923076994717121 0.024096386041492224
0 0.6129807920660824 0.7168674847343937 0.024038462433964014 0.021686747437343
0 0.724759642384015 0.542168685933575 0.021634616190567613 0.024096386041492224
0 0.9002404181519523 0.6963855565991253 0.021634616190567613 0.02891566324979067
0 0.8245192614849657 0.7506024251924828 0.028846154920756817 0.026506024645641446
0 0.712740411167033 0.49036145594436675 0.01682692370377481 0.021686747437343
1 0.8485577239189297 0.5397590473294258 0.01923076994717121 0.024096386041492224
0 0.6129807920660824 0.9530120679410174 0.024038462433964014 0.021686747437343
0 0.9002404181519523 0.9710843574721366 0.021634616190567613 0.02891566324979067
0 0.8245192614849657 0.9192771274829283 0.028846154920756817 0.026506024645641446
