0 0.43269232381135225 0.4975961723830551 0.03365384740754962 0.03846153989434242
0 0.43028847756795585 0.23798077809624374 0.028846154920756817 0.043269232381135225
0 0.5649038671981543 0.670673101907596 0.03365384740754962 0.03846153989434242
0 0.628605792648159 0.24519231682643294 0.03125000116415322 0.03846153989434242
0 0.04567307862453163 0.7716346441302449 0.024038462433964014 0.03365384740754962
0 0.6802884868811816 0.7824519522255287 0.03365384740754962 0.03125000116415322
0 0.43149040068965405 0.01802884682547301 0.03125000116415322 0.03605769365094602
0 0.6274038695264608 0.013221154338680208 0.03365384740754962 0.026442308677360415
0 0.04567307862453163 0.9783654210623354 0.024038462433964014 0.03365384740754962
0 0.6802884868811816 0.969951959210448 0.03365384740754962 0.03125000116415322
