0 0.5264423273038119 0.39277109247632325 0.06730769481509924 0.08192771254107356
0 0.63461540825665 0.37349398364312947 0.057692309841513634 0.08192771254107356
0 0.28004808735568076 0.39277109247632325 0.060096156084910035 0.07710843533277512
0 0.1778846220113337 0.3771084415493533 0.03846153989434242 0.045783133478835225
0 0.10216346534434706 0.390361453872174 0.03605769365094602 0.05301204929128289
0 0.3737980908481404 0.3987951889866963 0.03125000116415322 0.04096385627053678
0 0.46153847873210907 0.3879518152680248 0.03846153989434242 0.04819277208298445
0 0.6959134874632582 0.4192771171219647 0.05528846359811723 0.07710843533277512
0 0.41947116947267205 0.3867469959659502 0.03125000116415322 0.036144579062238336
0 0.07451923354528844 0.3867469959659502 0.028846154920756817 0.045783133478835225
0 0.9687500360887498 0.5433735052356496 0.05288461735472083 0.08433735114522278
