0 0.7908654140774161 0.3963855503825471 0.1490384670905769 0.16626506368629634
0 0.45793270936701447 0.3096385606331751 0.12740385090000927 0.1710843408945948
0 0.8197115689981729 0.5590361561626196 0.25000000931322575 0.29397590970620513
0 0.5288461735472083 0.35903615201823413 0.1730769295245409 0.17831325670704246
0 0.21754808502737433 0.44698796106968075 0.40144232264719903 0.412048201309517
0 0.42187501571606845 0.6614457968389615 0.28125001047737896 0.28674699389375746
0 0.45673078624531627 0.055421687895432115 0.12980769714340568 0.11084337579086423
0 0.5300480966689065 0.0325301211560145 0.1754807757679373 0.065060242312029
0 0.21634616190567613 0.046987952780909836 0.40384616889059544 0.09397590556181967
0 0.42067309259437025 0.9301205012015998 0.28365385672077537 0.13493976183235645
