0 0.8593750320142135 0.6433735073078424 0.06490384857170284 0.08192771254107356
0 0.6081730995792896 0.6036144703393802 0.04807692486792803 0.0746987967286259
0 0.21875000814907253 0.6168674826622009 0.043269232381135225 0.05783132649958134
0 0.969951959210448 0.5927710966207087 0.04567307862453163 0.06265060370787978
0 0.13221154338680208 0.6168674826622009 0.043269232381135225 0.06746988091617823
0 0.09375000349245965 0.628915675682947 0.057692309841513634 0.07710843533277512
0 0.5048077111132443 0.6144578440580517 0.04807692486792803 0.06265060370787978
0 0.778846182860434 0.6036144703393802 0.043269232381135225 0.06024096510373056
0 0.8221154152415693 0.6084337475476786 0.028846154920756817 0.05060241068713367
0 0.43870193941984326 0.6120482054539025 0.021634616190567613 0.03373494045808911
0 0.5468750203726813 0.6108433861518279 0.026442308677360415 0.036144579062238336
0 0.4687500174622983 0.6192771212663502 0.01923076994717121 0.03373494045808911
