0 0.5937500221189111 0.3325301273725927 0.06250000232830644 0.08192771254107356
0 0.7752404134953395 0.303614464122802 0.07932692603208125 0.07710843533277512
0 0.7283654117491096 0.34096386248711497 0.06250000232830644 0.10361445997841656
0 0.45072117063682526 0.3746988029452041 0.05048077111132443 0.065060242312029
0 0.3629807827528566 0.39156627317424864 0.05288461735472083 0.055421687895432115
0 0.335336550953798 0.41686747851781547 0.03605769365094602 0.03855421766638756
0 0.311298088519834 0.39397591177839786 0.03125000116415322 0.026506024645641446
0 0.13341346650850028 0.40240964689292014 0.03605769365094602 0.03373494045808911
0 0.01923076994717121 0.20000000414438546 0.03365384740754962 0.06746988091617823
0 0.22115385439246893 0.41445783991366625 0.028846154920756817 0.03855421766638756
0 0.24519231682643294 0.4192771171219647 0.024038462433964014 0.03373494045808911
0 0.5949519452406093 0.021686747437343 0.06490384857170284 0.043373494874686
0 0.7740384903736413 0.034939759760163724 0.08173077227547765 0.06987951952032745
0 0.7295673348708078 0.022891566739417613 0.06490384857170284 0.045783133478835225
0 0.01923076994717121 0.13253012322820723 0.03365384740754962 0.06746988091617823
