0 0.718750026775524 0.26506024645641446 0.05288461735472083 0.06265060370787978
0 0.4963942492613569 0.2686747043626383 0.040865386137738824 0.05060241068713367
0 0.5949519452406093 0.25180723413359374 0.05048077111132443 0.045783133478835225
0 0.8653846476227045 0.29518072900827974 0.05288461735472083 0.055421687895432115
0 0.7908654140774161 0.28554217459168285 0.03365384740754962 0.045783133478835225
0 0.5000000186264515 0.23975904111284763 0.043269232381135225 0.04096385627053678
0 0.718750026775524 0.06265060370787978 0.05288461735472083 0.06265060370787978
0 0.4963942492613569 0.06144578440580517 0.040865386137738824 0.05060241068713367
0 0.5949519452406093 0.07831325463484973 0.05048077111132443 0.045783133478835225
0 0.8653846476227045 0.034939759760163724 0.05288461735472083 0.055421687895432115
0 0.7908654140774161 0.044578314176760614 0.03365384740754962 0.045783133478835225
0 0.5000000186264515 0.09036144765559584 0.043269232381135225 0.04096385627053678
