0 0.7403846429660916 0.25600962492171675 0.08173077227547765 0.08413461851887405
0 0.8689904169877991 0.323317319736816 0.07451923354528844 0.08413461851887405
0 0.3149038578849286 0.26682693301700056 0.06730769481509924 0.07211538730189204
0 0.3257211659802124 0.3581730902660638 0.09855769597925246 0.10576923470944166
0 0.5576923284679651 0.3689903983613476 0.07692307978868484 0.09375000349245965
0 0.07211538730189204 0.27644231799058616 0.05288461735472083 0.06250000232830644
0 0.4747596330707893 0.26682693301700056 0.05048077111132443 0.05288461735472083
0 0.5396634816424921 0.25600962492171675 0.04567307862453163 0.060096156084910035
0 0.8269231077283621 0.25120193243492395 0.05288461735472083 0.06490384857170284
0 0.7403846429660916 0.07812500291038305 0.08173077227547765 0.08413461851887405
0 0.8677884938661009 0.026442308677360415 0.07692307978868484 0.05288461735472083
0 0.3149038578849286 0.06490384857170284 0.06730769481509924 0.07211538730189204
0 0.3245192428585142 0.014423077460378408 0.10096154222264886 0.028846154920756817
0 0.07211538730189204 0.05528846359811723 0.05288461735472083 0.06250000232830644
0 0.4747596330707893 0.06490384857170284 0.05048077111132443 0.05288461735472083
0 0.5396634816424921 0.07812500291038305 0.04567307862453163 0.060096156084910035
0 0.8269231077283621 0.08293269539717585 0.05288461735472083 0.06490384857170284
