0 0.8966346487868577 0.3858173220651224 0.11057692719623446 0.13221154338680208
0 0.7596154129132628 0.42427886195946485 0.07692307978868484 0.09375000349245965
0 0.676682717516087 0.40384616889059544 0.06971154105849564 0.08173077227547765
0 0.8389423389453441 0.39783655328210443 0.057692309841513634 0.10336538846604526
1 0.09014423412736505 0.371394244604744 0.12740385090000927 0.13221154338680208
1 0.5829327140236273 0.41225963074248284 0.06971154105849564 0.08413461851887405
1 0.46394232497550547 0.42067309259437025 0.057692309841513634 0.06250000232830644
0 0.24639423994813114 0.22836539312265813 0.021634616190567613 0.028846154920756817
0 0.1526442364556715 0.21274039254058152 0.021634616190567613 0.026442308677360415
0 0.08293269539717585 0.21394231566227973 0.021634616190567613 0.024038462433964014
0 0.026442308677360415 0.3557692440226674 0.04807692486792803 0.08173077227547765
0 0.24639423994813114 0.021634616190567613 0.021634616190567613 0.028846154920756817
0 0.1526442364556715 0.03966346301604062 0.021634616190567613 0.026442308677360415
0 0.08293269539717585 0.03605769365094602 0.021634616190567613 0.024038462433964014
