0 0.28004808735568076 0.3701923214830458 0.06971154105849564 0.09134615724906325
0 0.604567330214195 0.3822115527000278 0.08413461851887405 0.10096154222264886
0 0.39302886079531163 0.371394244604744 0.08413461851887405 0.11298077343963087
0 0.10817308095283806 0.39423078391700983 0.04807692486792803 0.06730769481509924
0 0.21634616190567613 0.41466347698587924 0.03846153989434242 0.04567307862453163
0 0.1502403902122751 0.40985578449908644 0.03125000116415322 0.040865386137738824
0 0.9591346511151642 0.365384628996253 0.07211538730189204 0.14423077460378408
0 0.28004808735568076 0.06730769481509924 0.06971154105849564 0.09134615724906325
0 0.604567330214195 0.05528846359811723 0.08413461851887405 0.10096154222264886
0 0.39302886079531163 0.06850961793679744 0.08413461851887405 0.11298077343963087
0 0.10817308095283806 0.043269232381135225 0.04807692486792803 0.06730769481509924
0 0.21634616190567613 0.025240385555662215 0.03846153989434242 0.04567307862453163
0 0.1502403902122751 0.030048078042455018 0.03125000116415322 0.040865386137738824
0 0.9591346511151642 0.07211538730189204 0.07211538730189204 0.14423077460378408
