0 0.4699519405839965 0.3846153989434242 0.11298077343963087 0.12019231216982007
0 0.21754808502737433 0.46153847873210907 0.14663462084718049 0.13461538963019848
0 0.3004807804245502 0.20312500756699592 0.04807692486792803 0.06971154105849564
1 0.8798077250830829 0.24278847058303654 0.10576923470944166 0.12980769714340568
1 0.7644231054000556 0.42067309259437025 0.09615384973585606 0.11057692719623446
1 0.8341346464585513 0.5528846359811723 0.11057692719623446 0.10576923470944166
1 0.9795673441840336 0.46153847873210907 0.03605769365094602 0.11538461968302727
1 0.6971154105849564 0.1947115457151085 0.07211538730189204 0.057692309841513634
0 0.3004807804245502 0.13100962026510388 0.04807692486792803 0.06971154105849564
1 0.8798077250830829 0.08894231100566685 0.10576923470944166 0.12980769714340568
1 0.6971154105849564 0.13701923587359488 0.07211538730189204 0.057692309841513634
