0 0.40481928549706936 0.23437500873114914 0.2361445832066238 0.2956730879377574
0 0.195180726936087 0.13701923587359488 0.18795181112363935 0.19711539195850492
0 0.5698795298812911 0.1814903913764283 0.16626506368629634 0.1947115457151085
0 0.6795180863700807 0.28485577984247357 0.08192771254107356 0.10817308095283806
0 0.8554217044729739 0.11418269656132907 0.086746989749372 0.21875000814907253
1 0.6771084477659315 0.03966346301604062 0.06265060370787978 0.07451923354528844
1 0.5590361561626196 0.044471155502833426 0.06265060370787978 0.08413461851887405
1 0.6156626633601263 0.03365384740754962 0.045783133478835225 0.06250000232830644
1 0.520481938496232 0.04567307862453163 0.03855421766638756 0.05288461735472083
1 0.7891566428588703 0.08052884915377945 0.045783133478835225 0.05048077111132443
1 0.42650603293441236 0.05649038671981543 0.03855421766638756 0.04567307862453163
0 0.04939759138505906 0.13822115899529308 0.09879518277011812 0.19951923820190132
0 0.9493976100347936 0.11418269656132907 0.086746989749372 0.21875000814907253
