1 0.5649038671981543 0.3810096295783296 0.07211538730189204 0.10336538846604526
1 0.7235577192623168 0.3281250122236088 0.12019231216982007 0.13701923587359488
1 0.1622596214292571 0.40865386137738824 0.07932692603208125 0.08653846476227045
1 0.26201924053020775 0.3617788596311584 0.12980769714340568 0.1514423133339733
1 0.3701923214830458 0.40504809201229364 0.09615384973585606 0.14182692836038768
1 0.8978365719085559 0.39062501455191523 0.05528846359811723 0.06490384857170284
1 0.41706732322927564 0.3737980908481404 0.05528846359811723 0.09855769597925246
1 0.6153846383094788 0.39903847640380263 0.03365384740754962 0.057692309841513634
1 0.724759642384015 0.03245192428585142 0.12259615841321647 0.06490384857170284
1 0.26322116365190595 0.01923076994717121 0.13221154338680208 0.03846153989434242
