0 0.8942308025434613 0.43028847756795585 0.057692309841513634 0.07211538730189204
0 0.40384616889059544 0.5588942515896633 0.057692309841513634 0.06971154105849564
0 0.27283654862549156 0.6117788689443842 0.060096156084910035 0.06971154105849564
0 0.6995192568283528 0.5829327140236273 0.04807692486792803 0.06490384857170284
0 0.042067309259437025 0.42908655444625765 0.03605769365094602 0.04567307862453163
0 0.26682693301700056 0.42788463132455945 0.03365384740754962 0.03365384740754962
0 0.317307704128325 0.40745193825569004 0.03365384740754962 0.040865386137738824
0 0.6310096388915554 0.5637019440764561 0.05528846359811723 0.06490384857170284
0 0.8149038765113801 0.5612980978330597 0.05288461735472083 0.05528846359811723
0 0.9435096505330876 0.42788463132455945 0.05528846359811723 0.057692309841513634
0 0.6033654070924968 0.4879807874094695 0.028846154920756817 0.03365384740754962
0 0.4855769411660731 0.42307693883776665 0.028846154920756817 0.03365384740754962
0 0.7259615655057132 0.4867788642877713 0.028846154920756817 0.03605769365094602
