0 0.25120193243492395 0.26802885613869876 0.1754807757679373 0.1850961607415229
0 0.658653870690614 0.22716347000095993 0.06250000232830644 0.10336538846604526
0 0.41346155386418104 0.21875000814907253 0.057692309841513634 0.07211538730189204
0 0.4795673255575821 0.21995193127077073 0.03605769365094602 0.060096156084910035
0 0.7620192591566592 0.24399039370473474 0.08173077227547765 0.12740385090000927
1 0.3581730902660638 0.28846154920756817 0.07692307978868484 0.12500000465661287
1 0.43509617005474865 0.3125000116415322 0.06730769481509924 0.09615384973585606
1 0.5300480966689065 0.22115385439246893 0.03125000116415322 0.043269232381135225
1 0.5913461758755147 0.23076923936605453 0.04807692486792803 0.057692309841513634
1 0.8521634932840243 0.26562500989530236 0.20913462317548692 0.1947115457151085
0 0.25000000931322575 0.07932692603208125 0.1778846220113337 0.1586538520641625
0 0.658653870690614 0.10697115783113986 0.06250000232830644 0.10336538846604526
0 0.41346155386418104 0.11298077343963087 0.057692309841513634 0.07211538730189204
0 0.4795673255575821 0.11418269656132907 0.03605769365094602 0.060096156084910035
0 0.7620192591566592 0.09014423412736505 0.08173077227547765 0.12740385090000927
1 0.359375013387762 0.05408654047641903 0.07932692603208125 0.10817308095283806
1 0.43629809317644686 0.03485577052924782 0.06971154105849564 0.06971154105849564
1 0.5300480966689065 0.11057692719623446 0.03125000116415322 0.043269232381135225
1 0.5913461758755147 0.10096154222264886 0.04807692486792803 0.057692309841513634
1 0.8509615701623261 0.08293269539717585 0.21153846941888332 0.1658653907943517
