0 0.26322116365190595 0.49036145594436675 0.03605769365094602 0.045783133478835225
0 0.3737980908481404 0.49156627524644136 0.021634616190567613 0.02891566324979067
0 0.39903847640380263 0.48795181734021753 0.03365384740754962 0.045783133478835225
0 0.44110578566323966 0.4819277208298445 0.03125000116415322 0.043373494874686
0 0.4855769411660731 0.4867469980381429 0.03365384740754962 0.043373494874686
0 0.5408654047641903 0.4746988050173968 0.024038462433964014 0.03373494045808911
0 0.5661057903198525 0.4759036243194714 0.026442308677360415 0.045783133478835225
0 0.6057692533358932 0.46867470850702375 0.03846153989434242 0.055421687895432115
0 0.7043269493151456 0.46626506990287453 0.03365384740754962 0.045783133478835225
0 0.7463942585745826 0.45903615409042686 0.040865386137738824 0.06024096510373056
