0 0.1574519289424643 0.23918270121794194 0.11778846592642367 0.12740385090000927
0 0.3870192451868206 0.46394232497550547 0.09134615724906325 0.10576923470944166
0 0.7319711811142042 0.3004807804245502 0.03605769365094602 0.03846153989434242
0 0.40985578449908644 0.28125001047737896 0.021634616190567613 0.028846154920756817
0 0.7151442574104294 0.27043270238209516 0.026442308677360415 0.026442308677360415
0 0.41586540010757744 0.23437500873114914 0.01923076994717121 0.021634616190567613
0 0.3689903983613476 0.26322116365190595 0.021634616190567613 0.021634616190567613
0 0.5757211752934381 0.24399039370473474 0.01682692370377481 0.01682692370377481
0 0.5552884822245687 0.26322116365190595 0.014423077460378408 0.021634616190567613
0 0.1574519289424643 0.09975961910095066 0.11778846592642367 0.12740385090000927
0 0.7319711811142042 0.03605769365094602 0.03605769365094602 0.03846153989434242
0 0.40985578449908644 0.05528846359811723 0.021634616190567613 0.028846154920756817
0 0.7151442574104294 0.06850961793679744 0.026442308677360415 0.026442308677360415
0 0.41586540010757744 0.10456731158774346 0.01923076994717121 0.021634616190567613
0 0.3689903983613476 0.07572115666698664 0.021634616190567613 0.021634616190567613
0 0.5757211752934381 0.09495192661415786 0.01682692370377481 0.01682692370377481
0 0.5552884822245687 0.07572115666698664 0.014423077460378408 0.021634616190567613
