1 0.12019231216982007 0.3581730902660638 0.04807692486792803 0.057692309841513634
1 0.23918270121794194 0.341346166562289 0.07451923354528844 0.07692307978868484
1 0.28605770296417177 0.3557692440226674 0.03365384740754962 0.05288461735472083
1 0.44471155502833426 0.3521634746575728 0.05288461735472083 0.06971154105849564
1 0.5552884822245687 0.39062501455191523 0.028846154920756817 0.04567307862453163
1 0.6141827151877806 0.353365397779271 0.040865386137738824 0.04807692486792803
1 0.6899038718547672 0.3509615515358746 0.03846153989434242 0.04807692486792803
1 0.7764423366170377 0.3257211659802124 0.07692307978868484 0.06971154105849564
1 0.23798077809624374 0.008413461851887405 0.07692307978868484 0.01682692370377481
1 0.7776442597387359 0.014423077460378408 0.07932692603208125 0.028846154920756817
