1 0.21875000814907253 0.4963855524547398 0.06250000232830644 0.08192771254107356
1 0.75480772042647 0.520481938496232 0.07211538730189204 0.09156626695767045
1 0.12500000465661287 0.5072289261734113 0.10576923470944166 0.11325301439501345
1 0.8677884938661009 0.5590361561626196 0.12980769714340568 0.14457831624895334
1 0.7043269493151456 0.5120482033817098 0.057692309841513634 0.0746987967286259
1 0.27764424111228436 0.5132530226837844 0.04567307862453163 0.06746988091617823
1 0.311298088519834 0.4939759138505906 0.03605769365094602 0.043373494874686
1 0.3425480896839872 0.49156627524644136 0.03125000116415322 0.043373494874686
1 0.46394232497550547 0.4951807331526652 0.03365384740754962 0.036144579062238336
1 0.5637019440764561 0.49879519105888903 0.03605769365094602 0.043373494874686
1 0.6201923307962716 0.5036144682671875 0.043269232381135225 0.05301204929128289
