1 0.6838942562462762 0.3337349466746673 0.08413461851887405 0.09397590556181967
1 0.3245192428585142 0.3204819343518466 0.07211538730189204 0.09156626695767045
1 0.40384616889059544 0.3566265134140849 0.057692309841513634 0.08192771254107356
1 0.5673077134415507 0.36265060992445797 0.057692309841513634 0.0746987967286259
1 0.4735577099490911 0.40240964689292014 0.04807692486792803 0.05783132649958134
1 0.5372596353990957 0.4180722978198901 0.026442308677360415 0.045783133478835225
1 0.4903846336528659 0.4506024189759046 0.024038462433964014 0.03855421766638756
1 0.682692333124578 0.024096386041492224 0.08653846476227045 0.04819277208298445
1 0.3257211659802124 0.03012048255186528 0.07451923354528844 0.06024096510373056
1 0.40504809201229364 0.00963855441659689 0.060096156084910035 0.01927710883319378
