0 0.6310096388915554 0.25961539428681135 0.06971154105849564 0.08173077227547765
0 0.5709134828066453 0.3257211659802124 0.06971154105849564 0.10817308095283806
0 0.8185096458764747 0.40384616889059544 0.12259615841321647 0.1490384670905769
0 0.40625001513399184 0.28004808735568076 0.07211538730189204 0.10817308095283806
0 0.7151442574104294 0.24278847058303654 0.06971154105849564 0.07692307978868484
0 0.5156250192085281 0.26201924053020775 0.060096156084910035 0.07211538730189204
0 0.706730795558542 0.3185096272500232 0.07692307978868484 0.11298077343963087
0 0.9062500337604433 0.27644231799058616 0.08653846476227045 0.10096154222264886
0 0.20192308444529772 0.44591347815003246 0.13942308211699128 0.1610576983075589
0 0.27283654862549156 0.3329327047104016 0.07932692603208125 0.10336538846604526
0 0.772836567251943 0.3064903960330412 0.06971154105849564 0.10336538846604526
0 0.10216346534434706 0.3305288584670052 0.09375000349245965 0.11298077343963087
0 0.5685096365632489 0.24639423994813114 0.05528846359811723 0.07451923354528844
0 0.08413461851887405 0.43269232381135225 0.12980769714340568 0.1586538520641625
0 0.6382211776217446 0.3617788596311584 0.09375000349245965 0.12740385090000927
0 0.3437500128056854 0.3725961677264422 0.10576923470944166 0.12980769714340568
0 0.46514424809720367 0.3557692440226674 0.10336538846604526 0.1538461595773697
0 0.9723558054538444 0.3810096295783296 0.05048077111132443 0.13701923587359488
0 0.34735578217078 0.25000000931322575 0.04567307862453163 0.07211538730189204
0 0.24399039370473474 0.26923077926039696 0.060096156084910035 0.06250000232830644
0 0.6310096388915554 0.11057692719623446 0.06971154105849564 0.08173077227547765
0 0.5697115596849471 0.05048077111132443 0.07211538730189204 0.10096154222264886
0 0.8173077227547765 0.021634616190567613 0.12500000465661287 0.043269232381135225
0 0.40625001513399184 0.09254808037076145 0.07211538730189204 0.10817308095283806
0 0.7151442574104294 0.12740385090000927 0.06971154105849564 0.07692307978868484
0 0.5156250192085281 0.10817308095283806 0.060096156084910035 0.07211538730189204
0 0.7079327186802402 0.05528846359811723 0.07932692603208125 0.11057692719623446
0 0.9062500337604433 0.09375000349245965 0.08653846476227045 0.10096154222264886
0 0.27163462550379336 0.04567307862453163 0.08173077227547765 0.09134615724906325
0 0.772836567251943 0.06610577169340104 0.06971154105849564 0.10336538846604526
0 0.10096154222264886 0.04927884798962623 0.09615384973585606 0.09855769597925246
0 0.5685096365632489 0.12620192777831107 0.05528846359811723 0.07451923354528844
0 0.6370192545000464 0.03725961677264422 0.09615384973585606 0.07451923354528844
0 0.3449519359273836 0.03245192428585142 0.10817308095283806 0.06490384857170284
0 0.46394232497550547 0.04687500174622983 0.10576923470944166 0.09375000349245965
0 0.9711538823321462 0.030048078042455018 0.05288461735472083 0.060096156084910035
0 0.34735578217078 0.12019231216982007 0.04567307862453163 0.07211538730189204
0 0.24399039370473474 0.10096154222264886 0.060096156084910035 0.06250000232830644
