0 0.63461540825665 0.5289156736107543 0.06250000232830644 0.08915662835352123
0 0.42427886195946485 0.5289156736107543 0.07932692603208125 0.07951807393692434
0 0.5865384833887219 0.5108433840796351 0.057692309841513634 0.07710843533277512
0 0.7824519522255287 0.39277109247632325 0.05048077111132443 0.06265060370787978
0 0.5084134804783389 0.40602410479914397 0.040865386137738824 0.05060241068713367
0 0.5612980978330597 0.40602410479914397 0.04567307862453163 0.055421687895432115
0 0.40625001513399184 0.5228915771003813 0.014423077460378408 0.07710843533277512
0 0.7824519522255287 0.045783133478835225 0.05048077111132443 0.06265060370787978
0 0.5084134804783389 0.034939759760163724 0.040865386137738824 0.05060241068713367
0 0.5612980978330597 0.034939759760163724 0.04567307862453163 0.055421687895432115
