0 0.06971154105849564 0.43629809317644686 0.04807692486792803 0.05528846359811723
0 0.19711539195850492 0.43028847756795585 0.043269232381135225 0.057692309841513634
0 0.3437500128056854 0.43750001629814506 0.04807692486792803 0.057692309841513634
0 0.2980769341811538 0.4723557868273929 0.03365384740754962 0.04567307862453163
0 0.40264424576889724 0.4771634793141857 0.03125000116415322 0.05048077111132443
0 0.45552886312361807 0.44831732439342886 0.05048077111132443 0.05048077111132443
0 0.4915865567745641 0.45673078624531627 0.03125000116415322 0.04807692486792803
0 0.5372596353990957 0.4819711718009785 0.03125000116415322 0.04567307862453163
0 0.5745192521717399 0.4723557868273929 0.043269232381135225 0.05048077111132443
0 0.6310096388915554 0.45312501688022166 0.026442308677360415 0.04567307862453163
0 0.6538461782038212 0.4675480943406001 0.03846153989434242 0.05528846359811723
0 0.7031250261934474 0.45192309375852346 0.040865386137738824 0.057692309841513634
0 0.7956731065642089 0.4723557868273929 0.03846153989434242 0.04567307862453163
0 0.933894265559502 0.4699519405839965 0.05048077111132443 0.060096156084910035
0 0.06971154105849564 0.08533654164057225 0.04807692486792803 0.05528846359811723
0 0.19711539195850492 0.08894231100566685 0.043269232381135225 0.057692309841513634
0 0.3437500128056854 0.08173077227547765 0.04807692486792803 0.057692309841513634
0 0.2980769341811538 0.04927884798962623 0.03365384740754962 0.04567307862453163
0 0.299278857302852 0.987980806035921 0.03605769365094602 0.01923076994717121
0 0.40264424576889724 0.044471155502833426 0.03125000116415322 0.05048077111132443
0 0.40144232264719903 0.9843750366708264 0.03365384740754962 0.026442308677360415
0 0.45552886312361807 0.07331731042359024 0.05048077111132443 0.05048077111132443
0 0.4915865567745641 0.06250000232830644 0.03125000116415322 0.04807692486792803
0 0.5372596353990957 0.03966346301604062 0.03125000116415322 0.04567307862453163
0 0.5360577122773975 0.9831731135491282 0.03365384740754962 0.028846154920756817
0 0.5745192521717399 0.04927884798962623 0.043269232381135225 0.05048077111132443
0 0.5757211752934381 0.9867788829142228 0.04567307862453163 0.021634616190567613
0 0.6310096388915554 0.06850961793679744 0.026442308677360415 0.04567307862453163
0 0.6538461782038212 0.05408654047641903 0.03846153989434242 0.05528846359811723
0 0.6550481013255194 0.987980806035921 0.040865386137738824 0.01923076994717121
0 0.7031250261934474 0.06730769481509924 0.040865386137738824 0.057692309841513634
0 0.7956731065642089 0.04927884798962623 0.03846153989434242 0.04567307862453163
0 0.7968750296859071 0.987980806035921 0.040865386137738824 0.01923076994717121
0 0.933894265559502 0.05168269423302263 0.05048077111132443 0.060096156084910035
0 0.9326923424378037 0.9855769597925246 0.05288461735472083 0.024038462433964014
