0 0.371394244604744 0.3401442434405908 0.03125000116415322 0.03605769365094602
0 0.43028847756795585 0.22355770063586533 0.03365384740754962 0.03846153989434242
0 0.63461540825665 0.706730795558542 0.03846153989434242 0.05288461735472083
0 0.7271634886274114 0.8040865684160963 0.04567307862453163 0.05048077111132443
0 0.7656250285217538 0.6574519475689158 0.04567307862453163 0.04567307862453163
1 0.3161057810066268 0.25000000931322575 0.03125000116415322 0.043269232381135225
1 0.5468750203726813 0.7235577192623168 0.040865386137738824 0.043269232381135225
1 0.7271634886274114 0.7463942585745826 0.040865386137738824 0.04567307862453163
1 0.4807692486792803 0.22836539312265813 0.024038462433964014 0.03365384740754962
1 0.5961538683623075 0.20673077693209052 0.03365384740754962 0.03365384740754962
0 0.43028847756795585 0.026442308677360415 0.03365384740754962 0.03846153989434242
0 0.7271634886274114 0.9483173430198804 0.04567307862453163 0.05048077111132443
1 0.3149038578849286 0.012019231216982007 0.03365384740754962 0.024038462433964014
1 0.7259615655057132 0.9891827291576192 0.043269232381135225 0.01682692370377481
1 0.4807692486792803 0.021634616190567613 0.024038462433964014 0.03365384740754962
1 0.5961538683623075 0.043269232381135225 0.03365384740754962 0.03365384740754962
