1 0.4663461712189019 0.39903847640380263 0.06730769481509924 0.08173077227547765
1 0.5697115596849471 0.40024039952550083 0.057692309841513634 0.06490384857170284
1 0.12500000465661287 0.42548078508116305 0.057692309841513634 0.06730769481509924
1 0.8040865684160963 0.41105770762078464 0.10336538846604526 0.11057692719623446
1 0.7175481036538258 0.42548078508116305 0.06971154105849564 0.07692307978868484
1 0.27043270238209516 0.39783655328210443 0.09375000349245965 0.10817308095283806
1 0.4675480943406001 0.03846153989434242 0.06971154105849564 0.07692307978868484
1 0.5697115596849471 0.03485577052924782 0.057692309841513634 0.06490384857170284
1 0.12620192777831107 0.021634616190567613 0.060096156084910035 0.043269232381135225
1 0.8028846452943981 0.03966346301604062 0.10576923470944166 0.07932692603208125
1 0.7163461805321276 0.024038462433964014 0.07211538730189204 0.04807692486792803
1 0.26923077926039696 0.04567307862453163 0.09615384973585606 0.09134615724906325
