0 0.1947115457151085 0.43373494874686 0.04807692486792803 0.05783132649958134
0 0.7644231054000556 0.43493976804893464 0.043269232381135225 0.05060241068713367
0 0.13100962026510388 0.41566265921574086 0.05048077111132443 0.06024096510373056
0 0.2956730879377574 0.42530121363233775 0.03846153989434242 0.055421687895432115
0 0.3786057833349332 0.4325301294447854 0.040865386137738824 0.055421687895432115
0 0.41706732322927564 0.4409638645593077 0.03125000116415322 0.043373494874686
0 0.4795673255575821 0.4421686838613823 0.026442308677360415 0.036144579062238336
0 0.5096154036000371 0.4289156715385616 0.03365384740754962 0.04819277208298445
0 0.5456730972509831 0.43734940665308386 0.024038462433964014 0.05060241068713367
0 0.5745192521717399 0.42771085223648697 0.03846153989434242 0.055421687895432115
0 0.6081730995792896 0.4409638645593077 0.03365384740754962 0.04819277208298445
0 0.6718750250292942 0.43614458735100925 0.040865386137738824 0.05301204929128289
0 0.7199519498972222 0.43493976804893464 0.040865386137738824 0.05060241068713367
