0 0.6153846383094788 0.34096386248711497 0.1586538520641625 0.22409639018587768
0 0.23437500873114914 0.28433735528960824 0.09855769597925246 0.10602409858256578
0 0.40865386137738824 0.3337349466746673 0.1586538520641625 0.20000000414438546
0 0.8521634932840243 0.3855421766638756 0.25721154804341495 0.29397590970620513
0 0.7079327186802402 0.3012048255186528 0.09375000349245965 0.173493979498744
0 0.10096154222264886 0.281927716685459 0.20192308444529772 0.2265060287900269
0 0.616586561431177 0.05301204929128289 0.1610576983075589 0.10602409858256578
0 0.23317308560945094 0.05180722998920828 0.10096154222264886 0.10361445997841656
0 0.40985578449908644 0.05060241068713367 0.1610576983075589 0.10120482137426734
0 0.8509615701623261 0.04819277208298445 0.25961539428681135 0.0963855441659689
0 0.706730795558542 0.06024096510373056 0.09615384973585606 0.12048193020746112
0 0.10216346534434706 0.08313253184314817 0.20432693068869412 0.16626506368629634
