1 0.060096156084910035 0.3257211659802124 0.07211538730189204 0.08894231100566685
1 0.3665865521179512 0.40865386137738824 0.05048077111132443 0.06250000232830644
1 0.1694711601594463 0.3557692440226674 0.04567307862453163 0.057692309841513634
1 0.08293269539717585 0.3569711671443656 0.04567307862453163 0.060096156084910035
1 0.3161057810066268 0.3521634746575728 0.03605769365094602 0.04567307862453163
1 0.3810096295783296 0.3389423203188926 0.04567307862453163 0.043269232381135225
1 0.4747596330707893 0.3762019370915368 0.03605769365094602 0.04567307862453163
1 0.4699519405839965 0.3389423203188926 0.03605769365094602 0.043269232381135225
1 0.5144230960868299 0.3581730902660638 0.043269232381135225 0.04807692486792803
1 0.5973557914840057 0.353365397779271 0.026442308677360415 0.04807692486792803
1 0.6538461782038212 0.3617788596311584 0.03846153989434242 0.05528846359811723
1 0.724759642384015 0.3341346278320998 0.05048077111132443 0.06730769481509924
1 0.8341346464585513 0.3629807827528566 0.03365384740754962 0.043269232381135225
