1 0.11778846592642367 0.40481928549706936 0.03846153989434242 0.05301204929128289
1 0.25600962492171675 0.3855421766638756 0.04567307862453163 0.05783132649958134
1 0.07091346418019384 0.41686747851781547 0.03605769365094602 0.03855421766638756
1 0.1586538520641625 0.38433735736180097 0.03846153989434242 0.055421687895432115
1 0.3245192428585142 0.3771084415493533 0.028846154920756817 0.036144579062238336
1 0.3521634746575728 0.39277109247632325 0.04567307862453163 0.04819277208298445
1 0.42187501571606845 0.39156627317424864 0.04567307862453163 0.055421687895432115
1 0.5312500197906047 0.3975903696846217 0.03846153989434242 0.04819277208298445
1 0.5625000209547579 0.38192771875765175 0.03365384740754962 0.05060241068713367
1 0.5973557914840057 0.3963855503825471 0.04567307862453163 0.05060241068713367
1 0.7451923354528844 0.39397591177839786 0.03365384740754962 0.045783133478835225
1 0.7271634886274114 0.37349398364312947 0.026442308677360415 0.04819277208298445
1 0.8786058019613847 0.3795180801535025 0.03605769365094602 0.045783133478835225
1 0.9831731135491282 0.37108434503898025 0.024038462433964014 0.06265060370787978
