0 0.2980769341811538 0.44457832246553153 0.05288461735472083 0.06987951952032745
1 0.7343750273576006 0.43734940665308386 0.05048077111132443 0.07951807393692434
1 0.7944711834425107 0.412048201309517 0.060096156084910035 0.07710843533277512
1 0.6117788689443842 0.43855422595515847 0.05048077111132443 0.06746988091617823
1 0.08293269539717585 0.471084347111173 0.05528846359811723 0.06024096510373056
1 0.5300480966689065 0.43614458735100925 0.04567307862453163 0.05783132649958134
1 0.25240385555662215 0.4819277208298445 0.04807692486792803 0.05301204929128289
1 0.3798077064566314 0.4951807331526652 0.03846153989434242 0.05060241068713367
1 0.42427886195946485 0.4819277208298445 0.040865386137738824 0.06265060370787978
0 0.4771634793141857 0.43493976804893464 0.03125000116415322 0.045783133478835225
0 0.299278857302852 0.015662650926969945 0.05528846359811723 0.03132530185393989
1 0.7331731042359024 0.021686747437343 0.05288461735472083 0.043373494874686
1 0.7932692603208125 0.03373494045808911 0.06250000232830644 0.06746988091617823
1 0.610576945822686 0.018072289531119168 0.05288461735472083 0.036144579062238336
1 0.5288461735472083 0.016867470229044557 0.04807692486792803 0.03373494045808911
0 0.4759615561924875 0.014457831624895334 0.03365384740754962 0.02891566324979067
