0 0.24278847058303654 0.40361446619499475 0.22596154687926173 0.2674698850605637
0 0.5048077111132443 0.44939759967383 0.1538461595773697 0.18072289531119168
0 0.6730769481509924 0.3361445852788165 0.028846154920756817 0.036144579062238336
0 0.8389423389453441 0.41325302061159164 0.1538461595773697 0.16626506368629634
0 0.9471154198981822 0.3975903696846217 0.10096154222264886 0.24096386041492224
0 0.24399039370473474 0.07349397742655128 0.22836539312265813 0.14698795485310256
0 0.5060096342349425 0.02891566324979067 0.1562500058207661 0.05783132649958134
0 0.6730769481509924 0.08072289323899895 0.028846154920756817 0.036144579062238336
0 0.8401442620670423 0.043373494874686 0.1562500058207661 0.086746989749372
0 0.9483173430198804 0.06987951952032745 0.10336538846604526 0.1397590390406549
