0 0.69471156434156 0.5734939877875149 0.1826923144981265 0.15903614787384868
0 0.8846154175698757 0.5024096489651129 0.07211538730189204 0.07951807393692434
0 0.706730795558542 0.45542169618420303 0.06250000232830644 0.05301204929128289
0 0.5997596377274022 0.43734940665308386 0.05048077111132443 0.05060241068713367
0 0.5228365579387173 0.412048201309517 0.03125000116415322 0.03373494045808911
0 0.44110578566323966 0.4084337434032932 0.026442308677360415 0.03132530185393989
0 0.6959134874632582 0.9578313451493159 0.1850961607415229 0.07951807393692434
0 0.598557714605704 0.00963855441659689 0.05288461735472083 0.01927710883319378
0 0.5228365579387173 0.016867470229044557 0.03125000116415322 0.03373494045808911
0 0.44110578566323966 0.022891566739417613 0.026442308677360415 0.03132530185393989
