1 0.4939904030179605 0.43028847756795585 0.07451923354528844 0.10576923470944166
1 0.14062500523868948 0.40985578449908644 0.07932692603208125 0.10817308095283806
1 0.40985578449908644 0.40865386137738824 0.060096156084910035 0.08653846476227045
1 0.21033654629718512 0.42908655444625765 0.06971154105849564 0.09375000349245965
1 0.5685096365632489 0.42187501571606845 0.09375000349245965 0.13221154338680208
1 0.7560096435481682 0.44350963190663606 0.14182692836038768 0.1706730832811445
1 0.057692309841513634 0.39663463016040623 0.10576923470944166 0.1586538520641625
1 0.8846154175698757 0.26802885613869876 0.20192308444529772 0.28125001047737896
1 0.317307704128325 0.43990386254154146 0.04807692486792803 0.057692309841513634
1 0.359375013387762 0.43149040068965405 0.040865386137738824 0.060096156084910035
1 0.8858173406915739 0.06250000232830644 0.20432693068869412 0.12500000465661287
