1 0.1514423133339733 0.4072289241012186 0.043269232381135225 0.05301204929128289
1 0.40144232264719903 0.4072289241012186 0.043269232381135225 0.04819277208298445
1 0.5300480966689065 0.41325302061159164 0.040865386137738824 0.045783133478835225
1 0.6189904076745734 0.4192771171219647 0.05048077111132443 0.04819277208298445
1 0.7175481036538258 0.40481928549706936 0.04567307862453163 0.05301204929128289
1 0.8401442620670423 0.42530121363233775 0.040865386137738824 0.045783133478835225
1 0.1514423133339733 0.03132530185393989 0.043269232381135225 0.05301204929128289
1 0.40144232264719903 0.03132530185393989 0.043269232381135225 0.04819277208298445
1 0.5300480966689065 0.027710843947716057 0.040865386137738824 0.045783133478835225
1 0.6177884845528752 0.022891566739417613 0.05288461735472083 0.045783133478835225
1 0.7175481036538258 0.03373494045808911 0.04567307862453163 0.05301204929128289
1 0.8389423389453441 0.01927710883319378 0.043269232381135225 0.03855421766638756
