0 0.11778846592642367 0.21927711297757924 0.11538461968302727 0.0963855441659689
0 0.3389423203188926 0.33734940458089113 0.04807692486792803 0.05783132649958134
0 0.5012019417481497 0.43373494874686 0.05528846359811723 0.05783132649958134
0 0.43990386254154146 0.2506024148315191 0.05288461735472083 0.05783132649958134
0 0.5204327116953209 0.260240969248116 0.040865386137738824 0.04819277208298445
0 0.5685096365632489 0.25542169203981757 0.04567307862453163 0.06265060370787978
0 0.11778846592642367 0.1180722916033119 0.11538461968302727 0.0963855441659689
0 0.3401442434405908 0.015662650926969945 0.05048077111132443 0.03132530185393989
0 0.43990386254154146 0.086746989749372 0.05288461735472083 0.05783132649958134
0 0.5204327116953209 0.07710843533277512 0.040865386137738824 0.04819277208298445
0 0.5685096365632489 0.08192771254107356 0.04567307862453163 0.06265060370787978
