1 0.1802884682547301 0.4734939857153222 0.06730769481509924 0.065060242312029
1 0.26562500989530236 0.43614458735100925 0.04567307862453163 0.06265060370787978
1 0.3257211659802124 0.43614458735100925 0.03605769365094602 0.05301204929128289
1 0.2980769341811538 0.4397590452572331 0.028846154920756817 0.055421687895432115
1 0.39182693767361343 0.43373494874686 0.03846153989434242 0.05783132649958134
0 0.5276442504255101 0.4301204908406362 0.04567307862453163 0.055421687895432115
0 0.5709134828066453 0.4301204908406362 0.026442308677360415 0.045783133478835225
1 0.6454327163519338 0.43373494874686 0.03605769365094602 0.05301204929128289
1 0.5865384833887219 0.43373494874686 0.03365384740754962 0.043373494874686
1 0.45673078624531627 0.42409639433026314 0.03365384740754962 0.04819277208298445
1 0.6670673325425014 0.4216867557261139 0.03125000116415322 0.04819277208298445
