0 0.8088942609028891 0.33734940458089113 0.14663462084718049 0.19759036554023623
0 0.5108173267217353 0.4228915750281885 0.1754807757679373 0.2048192813526839
0 0.1887019301066175 0.5518072403501719 0.1754807757679373 0.19759036554023623
0 0.1875000069849193 0.3337349466746673 0.12980769714340568 0.2144578357692808
0 0.40024039952550083 0.4108433820074424 0.1514423133339733 0.195180726936087
0 0.09014423412736505 0.3433735010912642 0.13701923587359488 0.24337349901907146
0 0.329326935345307 0.29759036761242896 0.12980769714340568 0.1180722916033119
0 0.8076923377811909 0.04819277208298445 0.1490384670905769 0.0963855441659689
0 0.1887019301066175 0.0542168685933575 0.13221154338680208 0.108433737186715
0 0.08894231100566685 0.056626507197506726 0.13942308211699128 0.11325301439501345
0 0.3305288584670052 0.04819277208298445 0.13221154338680208 0.0963855441659689
