1 0.4687500174622983 0.3313253080705181 0.06250000232830644 0.0746987967286259
1 0.688701948733069 0.3012048255186528 0.06971154105849564 0.08192771254107356
1 0.8605769551359117 0.2506024148315191 0.10576923470944166 0.10602409858256578
1 0.6334134851349518 0.3228915729559958 0.05528846359811723 0.06746988091617823
1 0.8016827221726999 0.3132530185393989 0.06490384857170284 0.07228915812447667
1 0.3161057810066268 0.33855422388296574 0.05048077111132443 0.065060242312029
1 0.383413475821726 0.4000000082887709 0.03605769365094602 0.03373494045808911
1 0.4699519405839965 0.02048192813526839 0.06490384857170284 0.04096385627053678
1 0.6875000256113708 0.03734939836431295 0.07211538730189204 0.0746987967286259
1 0.8605769551359117 0.08192771254107356 0.10576923470944166 0.10602409858256578
1 0.6322115620132536 0.022891566739417613 0.057692309841513634 0.045783133478835225
1 0.8004807990510017 0.02891566324979067 0.06730769481509924 0.05783132649958134
1 0.3149038578849286 0.014457831624895334 0.05288461735472083 0.02891566324979067
