0 0.19711539195850492 0.4771634793141857 0.05288461735472083 0.06971154105849564
0 0.7932692603208125 0.43389424693305045 0.04807692486792803 0.06490384857170284
0 0.9050481106387451 0.44951924751512706 0.05048077111132443 0.06730769481509924
0 0.04687500174622983 0.5096154036000371 0.04567307862453163 0.057692309841513634
0 0.3088942422764376 0.4783654024358839 0.04567307862453163 0.05288461735472083
0 0.3449519359273836 0.46274040185380727 0.04567307862453163 0.05528846359811723
0 0.45913463248871267 0.4795673255575821 0.043269232381135225 0.05048077111132443
0 0.5733173290500417 0.45552886312361807 0.040865386137738824 0.05528846359811723
0 0.5480769434943795 0.4735577099490911 0.024038462433964014 0.03846153989434242
0 0.6838942562462762 0.43629809317644686 0.05048077111132443 0.06490384857170284
