1 0.12139423529151827 0.2915662711020559 0.21875000814907253 0.24578313762322068
1 0.8401442620670423 0.3554216941120103 0.1754807757679373 0.19036144972778857
1 0.6923077180981636 0.3361445852788165 0.10576923470944166 0.14216867764480412
1 0.3677884752396494 0.3457831396954134 0.07692307978868484 0.1180722916033119
1 0.5132211729651317 0.3554216941120103 0.07932692603208125 0.1180722916033119
1 0.12019231216982007 0.08313253184314817 0.22115385439246893 0.16626506368629634
1 0.8389423389453441 0.03734939836431295 0.1778846220113337 0.0746987967286259
1 0.6935096412198618 0.034939759760163724 0.10817308095283806 0.06987951952032745
1 0.3689903983613476 0.024096386041492224 0.07932692603208125 0.04819277208298445
1 0.5120192498434335 0.01927710883319378 0.08173077227547765 0.03855421766638756
