1 0.20552885381039232 0.39663463016040623 0.06971154105849564 0.08653846476227045
1 0.27283654862549156 0.42067309259437025 0.05048077111132443 0.06250000232830644
0 0.3137019347632304 0.42067309259437025 0.04567307862453163 0.05288461735472083
1 0.42067309259437025 0.42788463132455945 0.057692309841513634 0.057692309841513634
1 0.5745192521717399 0.42067309259437025 0.043269232381135225 0.057692309841513634
0 0.7656250285217538 0.3846153989434242 0.09855769597925246 0.10576923470944166
1 0.20432693068869412 0.040865386137738824 0.07211538730189204 0.08173077227547765
1 0.27163462550379336 0.022836539312265813 0.05288461735472083 0.04567307862453163
0 0.3125000116415322 0.020432693068869412 0.04807692486792803 0.040865386137738824
1 0.42187501571606845 0.01802884682547301 0.060096156084910035 0.03605769365094602
1 0.5757211752934381 0.021634616190567613 0.04567307862453163 0.043269232381135225
0 0.7644231054000556 0.05168269423302263 0.10096154222264886 0.10336538846604526
