0 0.1658653907943517 0.4228915750281885 0.06250000232830644 0.06987951952032745
0 0.389423091430217 0.4530120575800538 0.03365384740754962 0.05301204929128289
0 0.22235577751416713 0.44578314176760614 0.04567307862453163 0.05783132649958134
0 0.25480770180001855 0.44939759967383 0.03365384740754962 0.055421687895432115
0 0.2980769341811538 0.44819278037175536 0.03846153989434242 0.05783132649958134
1 0.3281250122236088 0.4638554312987253 0.03605769365094602 0.045783133478835225
0 0.41947116947267205 0.4506024189759046 0.026442308677360415 0.04819277208298445
1 0.44591347815003246 0.4518072382779792 0.026442308677360415 0.04096385627053678
1 0.5805288677802309 0.44457832246553153 0.03125000116415322 0.04096385627053678
1 0.8653846476227045 0.4301204908406362 0.043269232381135225 0.055421687895432115
1 0.7680288747651502 0.42771085223648697 0.040865386137738824 0.045783133478835225
1 0.6478365625953302 0.4518072382779792 0.040865386137738824 0.05060241068713367
1 0.6790865637594834 0.4289156715385616 0.03605769365094602 0.043373494874686
1 0.6081730995792896 0.4397590452572331 0.03365384740754962 0.045783133478835225
1 0.5600961747113615 0.4433735031634569 0.024038462433964014 0.03373494045808911
