0 0.933894265559502 0.3566265134140849 0.12740385090000927 0.23132530599832535
0 0.682692333124578 0.39277109247632325 0.10096154222264886 0.11566265299916267
0 0.5937500221189111 0.412048201309517 0.07692307978868484 0.08192771254107356
0 0.5000000186264515 0.39397591177839786 0.06250000232830644 0.08433735114522278
1 0.11418269656132907 0.412048201309517 0.12259615841321647 0.130120484624058
1 0.305288472911343 0.368674706434831 0.09615384973585606 0.10120482137426734
1 0.3629807827528566 0.43373494874686 0.057692309841513634 0.07710843533277512
1 0.44110578566323966 0.4325301294447854 0.040865386137738824 0.06024096510373056
1 0.042067309259437025 0.4867469980381429 0.05048077111132443 0.06746988091617823
0 0.9326923424378037 0.046987952780909836 0.12980769714340568 0.09397590556181967
