0 0.8064904146594927 0.3365384740754962 0.07451923354528844 0.07692307978868484
0 0.945913496776484 0.5048077111132443 0.08413461851887405 0.06730769481509924
0 0.4867788642877713 0.3341346278320998 0.05048077111132443 0.05288461735472083
0 0.40504809201229364 0.42668270820286125 0.060096156084910035 0.05048077111132443
0 0.748798104817979 0.3701923214830458 0.08413461851887405 0.08173077227547765
0 0.9615384973585606 0.43990386254154146 0.06250000232830644 0.06730769481509924
0 0.22355770063586533 0.45432694000191987 0.043269232381135225 0.03365384740754962
0 0.1754807757679373 0.44350963190663606 0.03846153989434242 0.040865386137738824
0 0.4687500174622983 0.41466347698587924 0.03365384740754962 0.04567307862453163
0 0.7704327210085467 0.42668270820286125 0.05048077111132443 0.060096156084910035
0 0.26682693301700056 0.353365397779271 0.03365384740754962 0.03365384740754962
0 0.21754808502737433 0.3581730902660638 0.03605769365094602 0.028846154920756817
0 0.12740385090000927 0.44350963190663606 0.03846153989434242 0.03605769365094602
0 0.5937500221189111 0.41706732322927564 0.04807692486792803 0.05048077111132443
0 0.24639423994813114 0.42788463132455945 0.03605769365094602 0.03365384740754962
0 0.3076923191547394 0.41225963074248284 0.028846154920756817 0.03125000116415322
0 0.8064904146594927 0.10576923470944166 0.07451923354528844 0.07692307978868484
0 0.4867788642877713 0.10817308095283806 0.05048077111132443 0.05288461735472083
0 0.40384616889059544 0.021634616190567613 0.06250000232830644 0.043269232381135225
0 0.748798104817979 0.07211538730189204 0.08413461851887405 0.08173077227547765
0 0.9627404204802588 0.01923076994717121 0.06490384857170284 0.03846153989434242
0 0.22475962375756353 0.003605769365094602 0.04567307862453163 0.007211538730189204
0 0.1766826988896355 0.010817308095283806 0.040865386137738824 0.021634616190567613
0 0.4687500174622983 0.030048078042455018 0.03365384740754962 0.04567307862453163
0 0.7692307978868484 0.024038462433964014 0.05288461735472083 0.04807692486792803
0 0.26682693301700056 0.08894231100566685 0.03365384740754962 0.03365384740754962
0 0.21754808502737433 0.08413461851887405 0.03605769365094602 0.028846154920756817
0 0.12860577402170748 0.009615384973585606 0.040865386137738824 0.01923076994717121
0 0.5937500221189111 0.027644231799058616 0.04807692486792803 0.05048077111132443
0 0.24519231682643294 0.01682692370377481 0.03846153989434242 0.03365384740754962
0 0.3076923191547394 0.03245192428585142 0.028846154920756817 0.03125000116415322
