1 0.06610577169340104 0.47710844362154603 0.08894231100566685 0.10602409858256578
1 0.377403860213235 0.4734939857153222 0.06730769481509924 0.08915662835352123
1 0.8437500314321369 0.46987952780909836 0.06730769481509924 0.07710843533277512
1 0.22235577751416713 0.5000000103609636 0.11778846592642367 0.1614457864779979
1 0.7451923354528844 0.492771094548516 0.10096154222264886 0.1180722916033119
1 0.6177884845528752 0.45542169618420303 0.04807692486792803 0.05783132649958134
1 0.5156250192085281 0.38433735736180097 0.04567307862453163 0.05060241068713367
1 0.5096154036000371 0.4542168768821284 0.057692309841513634 0.065060242312029
1 0.6670673325425014 0.4289156715385616 0.040865386137738824 0.04819277208298445
1 0.9122596493689343 0.4530120575800538 0.05528846359811723 0.06265060370787978
1 0.9471154198981822 0.4421686838613823 0.04807692486792803 0.05060241068713367
