1 0.8521634932840243 0.3449519359273836 0.05528846359811723 0.06490384857170284
1 0.7079327186802402 0.3569711671443656 0.040865386137738824 0.060096156084910035
1 0.022836539312265813 0.3665865521179512 0.026442308677360415 0.040865386137738824
1 0.07091346418019384 0.3497596284141764 0.03125000116415322 0.040865386137738824
1 0.12980769714340568 0.3509615515358746 0.04807692486792803 0.057692309841513634
1 0.1875000069849193 0.3521634746575728 0.024038462433964014 0.040865386137738824
1 0.21394231566227973 0.341346166562289 0.043269232381135225 0.057692309841513634
1 0.27163462550379336 0.3557692440226674 0.043269232381135225 0.06730769481509924
1 0.3677884752396494 0.3629807827528566 0.03846153989434242 0.043269232381135225
1 0.42427886195946485 0.3521634746575728 0.03605769365094602 0.04567307862453163
1 0.4699519405839965 0.3665865521179512 0.040865386137738824 0.05048077111132443
1 0.5060096342349425 0.359375013387762 0.040865386137738824 0.05528846359811723
1 0.5372596353990957 0.3569711671443656 0.03605769365094602 0.04567307862453163
1 0.5805288677802309 0.3629807827528566 0.040865386137738824 0.057692309841513634
