0 0.22836539312265813 0.2590361499460414 0.08173077227547765 0.10361445997841656
0 0.43629809317644686 0.5024096489651129 0.05528846359811723 0.06987951952032745
0 0.5384615585207939 0.31927711504977196 0.057692309841513634 0.0746987967286259
0 0.3076923191547394 0.31686747644562274 0.057692309841513634 0.06987951952032745
0 0.40745193825569004 0.2674698850605637 0.04567307862453163 0.07228915812447667
0 0.7439904123311862 0.41445783991366625 0.026442308677360415 0.043373494874686
0 0.8088942609028891 0.4180722978198901 0.026442308677360415 0.036144579062238336
0 0.22836539312265813 0.0759036160307005 0.08173077227547765 0.10361445997841656
0 0.5396634816424921 0.026506024645641446 0.060096156084910035 0.05301204929128289
0 0.3088942422764376 0.026506024645641446 0.060096156084910035 0.05301204929128289
0 0.40745193825569004 0.065060242312029 0.04567307862453163 0.07228915812447667
