0 0.22956731624435633 0.3040865497896448 0.08894231100566685 0.11778846592642367
0 0.1754807757679373 0.3185096272500232 0.06730769481509924 0.08894231100566685
0 0.2956730879377574 0.3305288584670052 0.06730769481509924 0.09375000349245965
0 0.6983173337066546 0.28245193359907717 0.08894231100566685 0.12259615841321647
0 0.7656250285217538 0.3076923191547394 0.07451923354528844 0.11538461968302727
0 0.22836539312265813 0.03245192428585142 0.09134615724906325 0.06490384857170284
0 0.1766826988896355 0.01802884682547301 0.06971154105849564 0.03605769365094602
0 0.2968750110594556 0.013221154338680208 0.06971154105849564 0.026442308677360415
0 0.6971154105849564 0.044471155502833426 0.09134615724906325 0.08894231100566685
0 0.7644231054000556 0.030048078042455018 0.07692307978868484 0.060096156084910035
