0 0.40264424576889724 0.42067309259437025 0.060096156084910035 0.06730769481509924
0 0.5192307885736227 0.45432694000191987 0.06250000232830644 0.06250000232830644
0 0.8497596470406279 0.3629807827528566 0.05528846359811723 0.07211538730189204
0 0.26682693301700056 0.39903847640380263 0.03846153989434242 0.04807692486792803
0 0.628605792648159 0.41947116947267205 0.040865386137738824 0.04567307862453163
0 0.933894265559502 0.3449519359273836 0.040865386137738824 0.05528846359811723
0 0.40264424576889724 0.05048077111132443 0.060096156084910035 0.06730769481509924
0 0.5204327116953209 0.025240385555662215 0.06490384857170284 0.05048077111132443
0 0.8497596470406279 0.10817308095283806 0.05528846359811723 0.07211538730189204
0 0.26682693301700056 0.07211538730189204 0.03846153989434242 0.04807692486792803
0 0.628605792648159 0.05408654047641903 0.040865386137738824 0.04567307862453163
0 0.933894265559502 0.12860577402170748 0.040865386137738824 0.05528846359811723
