0 0.7908654140774161 0.4747596330707893 0.1826923144981265 0.21875000814907253
0 0.46514424809720367 0.3209134734934196 0.08413461851887405 0.09855769597925246
0 0.5276442504255101 0.383413475821726 0.14182692836038768 0.13701923587359488
0 0.3798077064566314 0.27403847174718976 0.04807692486792803 0.057692309841513634
0 0.10937500407453626 0.21033654629718512 0.04567307862453163 0.07932692603208125
0 0.3004807804245502 0.21875000814907253 0.05288461735472083 0.06730769481509924
0 0.3858173220651224 0.22355770063586533 0.05048077111132443 0.057692309841513634
0 0.3485577052924782 0.21634616190567613 0.03846153989434242 0.04807692486792803
0 0.10937500407453626 0.042067309259437025 0.04567307862453163 0.07932692603208125
0 0.3016827035462484 0.03365384740754962 0.05528846359811723 0.06730769481509924
0 0.3846153989434242 0.028846154920756817 0.05288461735472083 0.057692309841513634
0 0.3485577052924782 0.03365384740754962 0.03846153989434242 0.04807692486792803
