0 0.8557692626491189 0.3389423203188926 0.06730769481509924 0.09134615724906325
0 0.1838942376198247 0.323317319736816 0.06971154105849564 0.08894231100566685
0 0.646634639473632 0.3617788596311584 0.04807692486792803 0.06490384857170284
0 0.9146634956123307 0.3750000139698386 0.04567307862453163 0.06730769481509924
0 0.3449519359273836 0.3329327047104016 0.05048077111132443 0.07932692603208125
0 0.44831732439342886 0.3365384740754962 0.05048077111132443 0.07692307978868484
0 0.5300480966689065 0.3557692440226674 0.04567307862453163 0.05288461735472083
0 0.5829327140236273 0.3737980908481404 0.03125000116415322 0.04567307862453163
0 0.706730795558542 0.3846153989434242 0.03365384740754962 0.04807692486792803
0 0.27403847174718976 0.3605769365094602 0.03365384740754962 0.03365384740754962
0 0.1826923144981265 0.01562500058207661 0.07211538730189204 0.03125000116415322
0 0.3437500128056854 0.008413461851887405 0.05288461735472083 0.01682692370377481
