0 0.7836538753472269 0.1911057763500139 0.057692309841513634 0.06971154105849564
0 0.969951959210448 0.1766826988896355 0.05528846359811723 0.08413461851887405
0 0.317307704128325 0.20793270005378872 0.03846153989434242 0.06971154105849564
0 0.3641827058745548 0.22355770063586533 0.04567307862453163 0.06250000232830644
0 0.8858173406915739 0.21995193127077073 0.03605769365094602 0.05048077111132443
0 0.7836538753472269 0.061298079206608236 0.057692309841513634 0.06971154105849564
0 0.969951959210448 0.07572115666698664 0.05528846359811723 0.08413461851887405
0 0.317307704128325 0.044471155502833426 0.03846153989434242 0.06971154105849564
0 0.3629807827528566 0.030048078042455018 0.04807692486792803 0.060096156084910035
0 0.8858173406915739 0.03245192428585142 0.03605769365094602 0.05048077111132443
