0 0.3798077064566314 0.36265060992445797 0.11538461968302727 0.14216867764480412
0 0.13701923587359488 0.34939759760163724 0.07692307978868484 0.08192771254107356
0 0.23317308560945094 0.3457831396954134 0.09615384973585606 0.09879518277011812
0 0.4987980955047533 0.29638554831035435 0.04567307862453163 0.05783132649958134
0 0.8725961863528937 0.41325302061159164 0.1682692370377481 0.2048192813526839
0 0.6057692533358932 0.32650603086221963 0.04807692486792803 0.045783133478835225
0 0.9206731112208217 0.28674699389375746 0.03365384740754962 0.03373494045808911
0 0.3810096295783296 0.021686747437343 0.11778846592642367 0.043373494874686
0 0.13822115899529308 0.013253012322820723 0.07932692603208125 0.026506024645641446
0 0.23437500873114914 0.01927710883319378 0.09855769597925246 0.03855421766638756
0 0.4987980955047533 0.036144579062238336 0.04567307862453163 0.05783132649958134
0 0.6069711764575914 0.015662650926969945 0.05048077111132443 0.03132530185393989
0 0.9206731112208217 0.045783133478835225 0.03365384740754962 0.03373494045808911
