0 0.7319711811142042 0.3485577052924782 0.1947115457151085 0.23076923936605453
0 0.3641827058745548 0.4891827105311677 0.06971154105849564 0.07932692603208125
0 0.1742788526462391 0.4687500174622983 0.09855769597925246 0.12500000465661287
0 0.25000000931322575 0.4891827105311677 0.08653846476227045 0.11298077343963087
0 0.4963942492613569 0.4771634793141857 0.05048077111132443 0.05528846359811723
0 0.11057692719623446 0.42067309259437025 0.057692309841513634 0.08173077227547765
0 0.43389424693305045 0.4915865567745641 0.06490384857170284 0.06971154105849564
0 0.6550481013255194 0.40384616889059544 0.07932692603208125 0.09134615724906325
0 0.335336550953798 0.45072117063682526 0.03605769365094602 0.03605769365094602
1 0.022836539312265813 0.45312501688022166 0.040865386137738824 0.06971154105849564
1 0.042067309259437025 0.39663463016040623 0.05048077111132443 0.06250000232830644
0 0.730769257992506 0.028846154920756817 0.19711539195850492 0.057692309841513634
