1 0.19591346883680671 0.25480770180001855 0.07932692603208125 0.10576923470944166
1 0.44110578566323966 0.3161057810066268 0.06490384857170284 0.08413461851887405
1 0.3557692440226674 0.3004807804245502 0.06730769481509924 0.08653846476227045
1 0.622596177039668 0.28365385672077537 0.06250000232830644 0.08173077227547765
1 0.5709134828066453 0.2968750110594556 0.060096156084910035 0.07932692603208125
1 0.24399039370473474 0.3149038578849286 0.060096156084910035 0.08173077227547765
1 0.7343750273576006 0.3401442434405908 0.05528846359811723 0.06971154105849564
1 0.13100962026510388 0.3016827035462484 0.060096156084910035 0.06971154105849564
1 0.389423091430217 0.3269230891019106 0.03846153989434242 0.06250000232830644
1 0.1947115457151085 0.025240385555662215 0.08173077227547765 0.05048077111132443
