0 0.7932692603208125 0.4915865567745641 0.06730769481509924 0.06971154105849564
0 0.3750000139698386 0.5348557891556993 0.04807692486792803 0.05528846359811723
0 0.058894232963211834 0.4975961723830551 0.040865386137738824 0.03365384740754962
0 0.07932692603208125 0.4723557868273929 0.03365384740754962 0.03125000116415322
0 0.12620192777831107 0.4903846336528659 0.04567307862453163 0.03365384740754962
0 0.27764424111228436 0.5060096342349425 0.05048077111132443 0.04567307862453163
0 0.5360577122773975 0.5060096342349425 0.057692309841513634 0.05528846359811723
0 0.6478365625953302 0.46514424809720367 0.05048077111132443 0.04567307862453163
0 0.8713942632311955 0.45552886312361807 0.06971154105849564 0.060096156084910035
0 0.26562500989530236 0.42788463132455945 0.03605769365094602 0.043269232381135225
0 0.5024038648698479 0.46274040185380727 0.043269232381135225 0.04567307862453163
0 0.6862981024896726 0.5228365579387173 0.07451923354528844 0.07451923354528844
0 0.1538461595773697 0.45793270936701447 0.043269232381135225 0.03605769365094602
