0 0.604567330214195 0.3677884752396494 0.11778846592642367 0.1490384670905769
0 0.7235577192623168 0.25480770180001855 0.1826923144981265 0.1778846220113337
0 0.377403860213235 0.365384628996253 0.11538461968302727 0.13461538963019848
0 0.22115385439246893 0.29447116481605917 0.24519231682643294 0.24278847058303654
0 0.09855769597925246 0.3605769365094602 0.13942308211699128 0.1778846220113337
0 0.6033654070924968 0.020432693068869412 0.12019231216982007 0.040865386137738824
0 0.724759642384015 0.08413461851887405 0.1850961607415229 0.1682692370377481
0 0.3786057833349332 0.01802884682547301 0.11778846592642367 0.03605769365094602
0 0.22235577751416713 0.08052884915377945 0.24759616306982934 0.1610576983075589
0 0.09975961910095066 0.03125000116415322 0.14182692836038768 0.06250000232830644
