0 0.01562500058207661 0.5469879631418735 0.026442308677360415 0.043373494874686
0 0.06490384857170284 0.5481927824439481 0.03846153989434242 0.04096385627053678
0 0.12379808153491467 0.5987951931310818 0.04567307862453163 0.045783133478835225
0 0.46153847873210907 0.5301204929128289 0.043269232381135225 0.05301204929128289
0 0.3701923214830458 0.5722891684854403 0.03365384740754962 0.04096385627053678
0 0.23918270121794194 0.5469879631418735 0.03125000116415322 0.03373494045808911
0 0.1718750064028427 0.5686747105792165 0.03125000116415322 0.043373494874686
0 0.8125000302679837 0.6156626633601263 0.03846153989434242 0.04096385627053678
0 0.8822115713264793 0.46746988920494914 0.03365384740754962 0.03855421766638756
0 0.7776442597387359 0.48795181734021753 0.040865386137738824 0.04096385627053678
0 0.6899038718547672 0.5132530226837844 0.03365384740754962 0.043373494874686
0 0.5625000209547579 0.5240963964024559 0.04807692486792803 0.05060241068713367
0 0.5300480966689065 0.5265060350066051 0.03605769365094602 0.045783133478835225
0 0.1490384670905769 0.5373494087252766 0.028846154920756817 0.03855421766638756
0 0.1935096225934103 0.536144589423202 0.03125000116415322 0.036144579062238336
0 0.21153846941888332 0.5481927824439481 0.03365384740754962 0.04096385627053678
1 0.40865386137738824 0.5746988070895895 0.028846154920756817 0.036144579062238336
1 0.6262019464047626 0.5096385647775605 0.040865386137738824 0.045783133478835225
