1 0.6754807943943888 0.3108433799352497 0.06730769481509924 0.09156626695767045
1 0.4939904030179605 0.3216867536539212 0.060096156084910035 0.06987951952032745
1 0.353365397779271 0.3313253080705181 0.08173077227547765 0.08433735114522278
1 0.19831731508020312 0.2903614517999813 0.09375000349245965 0.1180722916033119
1 0.13701923587359488 0.34096386248711497 0.057692309841513634 0.0746987967286259
1 0.6069711764575914 0.3325301273725927 0.03605769365094602 0.06265060370787978
1 0.08413461851887405 0.3457831396954134 0.043269232381135225 0.055421687895432115
1 0.5649038671981543 0.35060241690371186 0.03846153989434242 0.055421687895432115
1 0.676682717516087 0.034939759760163724 0.06971154105849564 0.06987951952032745
1 0.4927884798962623 0.024096386041492224 0.06250000232830644 0.04819277208298445
1 0.3545673209009692 0.022891566739417613 0.08413461851887405 0.045783133478835225
1 0.19711539195850492 0.05180722998920828 0.09615384973585606 0.10361445997841656
1 0.13822115899529308 0.015662650926969945 0.060096156084910035 0.03132530185393989
1 0.6057692533358932 0.016867470229044557 0.03846153989434242 0.03373494045808911
1 0.08533654164057225 0.008433735114522278 0.04567307862453163 0.016867470229044557
1 0.5661057903198525 0.006024096510373056 0.040865386137738824 0.012048193020746112
