1 0.9290865730727091 0.3149038578849286 0.06490384857170284 0.08173077227547765
1 0.6502404088387266 0.3245192428585142 0.07451923354528844 0.10096154222264886
1 0.8473558007972315 0.3016827035462484 0.08894231100566685 0.10817308095283806
1 0.27163462550379336 0.3088942422764376 0.09134615724906325 0.11298077343963087
1 0.7764423366170377 0.3401442434405908 0.06250000232830644 0.07932692603208125
1 0.45432694000191987 0.311298088519834 0.07692307978868484 0.11298077343963087
1 0.5901442527538165 0.3209134734934196 0.05528846359811723 0.09855769597925246
1 0.7139423342887312 0.3401442434405908 0.05288461735472083 0.07932692603208125
1 0.061298079206608236 0.28125001047737896 0.07932692603208125 0.10576923470944166
1 0.9290865730727091 0.08413461851887405 0.06490384857170284 0.08173077227547765
1 0.6502404088387266 0.07451923354528844 0.07451923354528844 0.10096154222264886
1 0.8473558007972315 0.09975961910095066 0.08894231100566685 0.10817308095283806
1 0.27163462550379336 0.09254808037076145 0.09134615724906325 0.11298077343963087
1 0.7764423366170377 0.061298079206608236 0.06250000232830644 0.07932692603208125
1 0.45432694000191987 0.09014423412736505 0.07692307978868484 0.11298077343963087
1 0.5901442527538165 0.08052884915377945 0.05528846359811723 0.09855769597925246
1 0.7139423342887312 0.061298079206608236 0.05288461735472083 0.07932692603208125
1 0.061298079206608236 0.11778846592642367 0.07932692603208125 0.10576923470944166
