0 0.5192307885736227 0.34939759760163724 0.07692307978868484 0.10602409858256578
0 0.08653846476227045 0.32771085016429424 0.12980769714340568 0.16385542508214712
0 0.41346155386418104 0.3566265134140849 0.09134615724906325 0.11084337579086423
0 0.20312500756699592 0.3421686817891896 0.07932692603208125 0.11566265299916267
0 0.3401442434405908 0.3566265134140849 0.060096156084910035 0.08192771254107356
0 0.26322116365190595 0.3554216941120103 0.04567307862453163 0.07951807393692434
0 0.5733173290500417 0.3638554292265326 0.040865386137738824 0.05783132649958134
0 0.6670673325425014 0.33975904318504035 0.05048077111132443 0.06265060370787978
0 0.622596177039668 0.36144579062238336 0.03365384740754962 0.05783132649958134
0 0.3028846266679466 0.3674698871327564 0.03365384740754962 0.06987951952032745
0 0.5204327116953209 0.01927710883319378 0.07932692603208125 0.03855421766638756
0 0.08774038788396865 0.044578314176760614 0.13221154338680208 0.08915662835352123
0 0.41466347698587924 0.016867470229044557 0.09375000349245965 0.03373494045808911
0 0.20192308444529772 0.025301205343566835 0.08173077227547765 0.05060241068713367
0 0.3389423203188926 0.00963855441659689 0.06250000232830644 0.01927710883319378
0 0.26201924053020775 0.00963855441659689 0.04807692486792803 0.01927710883319378
0 0.6658654094208032 0.013253012322820723 0.05288461735472083 0.026506024645641446
