0 0.4975961723830551 0.21754808502737433 0.07692307978868484 0.08894231100566685
0 0.7692307978868484 0.46274040185380727 0.07692307978868484 0.07451923354528844
0 0.3389423203188926 0.25240385555662215 0.06250000232830644 0.08173077227547765
0 0.04567307862453163 0.3581730902660638 0.04807692486792803 0.057692309841513634
0 0.21875000814907253 0.3689903983613476 0.057692309841513634 0.060096156084910035
0 0.9495192661415786 0.3810096295783296 0.03365384740754962 0.040865386137738824
0 0.9663461898453534 0.28125001047737896 0.028846154920756817 0.03846153989434242
0 0.9050481106387451 0.341346166562289 0.03125000116415322 0.03846153989434242
1 0.11538461968302727 0.3509615515358746 0.057692309841513634 0.06250000232830644
1 0.706730795558542 0.3365384740754962 0.03365384740754962 0.03365384740754962
1 0.7812500291038305 0.3798077064566314 0.03846153989434242 0.03365384740754962
1 0.6418269469868392 0.3449519359273836 0.028846154920756817 0.03605769365094602
0 0.4987980955047533 0.03966346301604062 0.07932692603208125 0.07932692603208125
0 0.3401442434405908 0.020432693068869412 0.06490384857170284 0.040865386137738824
