0 0.8257211846066639 0.4626506119966507 0.05528846359811723 0.06746988091617823
0 0.46274040185380727 0.45903615409042686 0.04567307862453163 0.06987951952032745
0 0.1610576983075589 0.4638554312987253 0.05288461735472083 0.0746987967286259
0 0.3137019347632304 0.4746988050173968 0.04567307862453163 0.06746988091617823
0 0.21634616190567613 0.4831325401319191 0.03365384740754962 0.045783133478835225
0 0.3485577052924782 0.46987952780909836 0.028846154920756817 0.05783132649958134
0 0.5000000186264515 0.46746988920494914 0.03846153989434242 0.06265060370787978
0 0.6189904076745734 0.4421686838613823 0.05048077111132443 0.06987951952032745
0 0.688701948733069 0.4602409733925015 0.03605769365094602 0.04819277208298445
0 0.658653870690614 0.46867470850702375 0.028846154920756817 0.045783133478835225
0 0.772836567251943 0.4530120575800538 0.03605769365094602 0.04819277208298445
0 0.9423077274113894 0.45903615409042686 0.03846153989434242 0.045783133478835225
0 0.8605769551359117 0.4602409733925015 0.03365384740754962 0.05783132649958134
0 0.3858173220651224 0.45783133478835225 0.04567307862453163 0.06265060370787978
0 0.5516827128594741 0.4650602506007999 0.021634616190567613 0.03373494045808911
0 0.5781250215368345 0.46746988920494914 0.026442308677360415 0.03855421766638756
