1 0.28725962608586997 0.3337349466746673 0.07451923354528844 0.08433735114522278
1 0.1754807757679373 0.4012048275908455 0.043269232381135225 0.05060241068713367
1 0.22956731624435633 0.37349398364312947 0.05048077111132443 0.06746988091617823
1 0.299278857302852 0.39277109247632325 0.04567307862453163 0.05783132649958134
1 0.42788463132455945 0.43493976804893464 0.03846153989434242 0.05060241068713367
1 0.5757211752934381 0.42650603293441236 0.04567307862453163 0.04819277208298445
1 0.28725962608586997 0.1072289178846404 0.07451923354528844 0.08433735114522278
1 0.1754807757679373 0.03975903696846217 0.043269232381135225 0.05060241068713367
1 0.22956731624435633 0.065060242312029 0.05048077111132443 0.06746988091617823
1 0.299278857302852 0.045783133478835225 0.04567307862453163 0.05783132649958134
1 0.42908655444625765 0.015662650926969945 0.040865386137738824 0.03132530185393989
1 0.5745192521717399 0.01927710883319378 0.04807692486792803 0.03855421766638756
