1 0.14663462084718049 0.3987951889866963 0.07211538730189204 0.065060242312029
1 0.41826924635097384 0.37228916434105486 0.06250000232830644 0.06987951952032745
1 0.3365384740754962 0.43734940665308386 0.11538461968302727 0.10361445997841656
1 0.27403847174718976 0.37228916434105486 0.06730769481509924 0.06024096510373056
1 0.6838942562462762 0.37228916434105486 0.060096156084910035 0.065060242312029
1 0.06250000232830644 0.4734939857153222 0.11538461968302727 0.12289156881161034
1 0.8112981071462855 0.39518073108047247 0.060096156084910035 0.06746988091617823
1 0.5564904053462669 0.36987952573690563 0.06490384857170284 0.06987951952032745
1 0.6358173313783482 0.4614457926945761 0.12740385090000927 0.108433737186715
1 0.040865386137738824 0.40481928549706936 0.07692307978868484 0.08192771254107356
1 0.9651442667236552 0.3855421766638756 0.05528846359811723 0.07710843533277512
1 0.8509615701623261 0.3566265134140849 0.043269232381135225 0.05783132649958134
1 0.9675481129670516 0.44819278037175536 0.060096156084910035 0.11566265299916267
