0 0.305288472911343 0.3566265134140849 0.1682692370377481 0.20240964274853468
0 0.6899038718547672 0.33855422388296574 0.1778846220113337 0.17590361810289323
0 0.5096154036000371 0.3325301273725927 0.11538461968302727 0.15421687066555023
0 0.9387019580462947 0.35903615201823413 0.021634616190567613 0.01927710883319378
2 0.21875000814907253 0.542168685933575 0.43269232381135225 0.563855433370918
2 0.8016827221726999 0.5433735052356496 0.39182693767361343 0.5614457947667688
2 0.5420673278858885 0.4867469980381429 0.22836539312265813 0.4433735031634569
0 0.3064903960330412 0.046987952780909836 0.1706730832811445 0.09397590556181967
0 0.6911057949764654 0.04939759138505906 0.1802884682547301 0.09879518277011812
0 0.5108173267217353 0.046987952780909836 0.11778846592642367 0.09397590556181967
2 0.21995193127077073 0.9132530309725553 0.43509617005474865 0.16867470229044557
2 0.8004807990510017 0.9132530309725553 0.39423078391700983 0.16867470229044557
