0 0.1658653907943517 0.39518073108047247 0.11538461968302727 0.20722891995683312
0 0.3209134734934196 0.32771085016429424 0.06971154105849564 0.10602409858256578
0 0.20312500756699592 0.32771085016429424 0.05528846359811723 0.08192771254107356
0 0.07812500291038305 0.33975904318504035 0.1514423133339733 0.346987958997488
1 0.7319711811142042 0.3891566345700994 0.06490384857170284 0.08433735114522278
1 0.6177884845528752 0.33975904318504035 0.07211538730189204 0.09156626695767045
1 0.5432692510075867 0.346987958997488 0.07692307978868484 0.10602409858256578
1 0.8557692626491189 0.3746988029452041 0.06730769481509924 0.08433735114522278
1 0.39543270703870803 0.3000000062165782 0.09855769597925246 0.12289156881161034
1 0.9675481129670516 0.38313253805972636 0.060096156084910035 0.07228915812447667
1 0.9170673418557271 0.37349398364312947 0.04567307862453163 0.06265060370787978
1 0.45072117063682526 0.3325301273725927 0.04567307862453163 0.086746989749372
1 0.8425481083104387 0.33855422388296574 0.060096156084910035 0.0746987967286259
1 0.6730769481509924 0.3795180801535025 0.03365384740754962 0.055421687895432115
0 0.3197115503717214 0.027710843947716057 0.07211538730189204 0.055421687895432115
0 0.20192308444529772 0.021686747437343 0.057692309841513634 0.043373494874686
0 0.07692307978868484 0.08192771254107356 0.1538461595773697 0.16385542508214712
1 0.6189904076745734 0.018072289531119168 0.07451923354528844 0.036144579062238336
1 0.5444711741292849 0.018072289531119168 0.07932692603208125 0.036144579062238336
1 0.39423078391700983 0.045783133478835225 0.10096154222264886 0.09156626695767045
1 0.44951924751512706 0.02048192813526839 0.04807692486792803 0.04096385627053678
1 0.8413461851887405 0.014457831624895334 0.06250000232830644 0.02891566324979067
