1 0.5468750203726813 0.383413475821726 0.07932692603208125 0.09375000349245965
1 0.29326924169436097 0.3509615515358746 0.11057692719623446 0.12980769714340568
1 0.7968750296859071 0.3545673209009692 0.11298077343963087 0.13221154338680208
1 0.08533654164057225 0.3641827058745548 0.05048077111132443 0.05528846359811723
1 0.6971154105849564 0.3677884752396494 0.043269232381135225 0.057692309841513634
1 0.6622596400557086 0.3545673209009692 0.03125000116415322 0.04567307862453163
1 0.01562500058207661 0.3689903983613476 0.026442308677360415 0.05048077111132443
1 0.04567307862453163 0.3677884752396494 0.03365384740754962 0.043269232381135225
1 0.5456730972509831 0.03966346301604062 0.08173077227547765 0.07932692603208125
1 0.29447116481605917 0.06490384857170284 0.11298077343963087 0.12980769714340568
1 0.7956731065642089 0.06370192545000464 0.11538461968302727 0.12740385090000927
1 0.08533654164057225 0.05168269423302263 0.05048077111132443 0.05528846359811723
1 0.6971154105849564 0.04567307862453163 0.043269232381135225 0.057692309841513634
1 0.6622596400557086 0.061298079206608236 0.03125000116415322 0.04567307862453163
1 0.01562500058207661 0.04687500174622983 0.026442308677360415 0.05048077111132443
1 0.04567307862453163 0.04567307862453163 0.03365384740754962 0.043269232381135225
