0 0.11418269656132907 0.40024039952550083 0.1947115457151085 0.23798077809624374
0 0.8713942632311955 0.3810096295783296 0.24278847058303654 0.28125001047737896
0 0.6862981024896726 0.42067309259437025 0.12740385090000927 0.1538461595773697
0 0.4687500174622983 0.44350963190663606 0.389423091430217 0.43990386254154146
2 0.11177885031793267 0.5757211752934381 0.21394231566227973 0.5937500221189111
2 0.5288461735472083 0.5516827128594741 0.9038461875170469 0.6418269469868392
2 0.8076923377811909 0.5108173267217353 0.3750000139698386 0.5216346348170191
2 0.3317307815887034 0.3257211659802124 0.1923076994717121 0.39663463016040623
2 0.11057692719623446 0.9375000349245965 0.21634616190567613 0.12019231216982007
2 0.3329327047104016 0.06250000232830644 0.1947115457151085 0.12500000465661287
