0 0.1598557751858607 0.5997596377274022 0.040865386137738824 0.040865386137738824
0 0.25600962492171675 0.6177884845528752 0.05528846359811723 0.06250000232830644
0 0.3461538590490818 0.6201923307962716 0.03365384740754962 0.03365384740754962
0 0.3858173220651224 0.6093750227009878 0.03605769365094602 0.04567307862453163
0 0.5240384810604155 0.6213942539179698 0.03846153989434242 0.04567307862453163
0 0.6033654070924968 0.6250000232830644 0.043269232381135225 0.057692309841513634
0 0.7091346418019384 0.640625023865141 0.03365384740754962 0.040865386137738824
0 0.646634639473632 0.6322115620132536 0.03365384740754962 0.03846153989434242
0 0.22115385439246893 0.6177884845528752 0.03365384740754962 0.043269232381135225
0 0.5733173290500417 0.6274038695264608 0.03605769365094602 0.03846153989434242
1 0.44831732439342886 0.6298077157698572 0.05528846359811723 0.057692309841513634
0 0.44471155502833426 0.5961538683623075 0.03846153989434242 0.03365384740754962
