0 0.5168269423302263 0.40625001513399184 0.05288461735472083 0.05288461735472083
0 0.712740411167033 0.4711538637056947 0.060096156084910035 0.06250000232830644
0 0.9110577262472361 0.40144232264719903 0.07211538730189204 0.06730769481509924
0 0.3725961677264422 0.4843750180443749 0.05288461735472083 0.060096156084910035
0 0.6682692556641996 0.40625001513399184 0.05288461735472083 0.057692309841513634
0 0.5504807897377759 0.45673078624531627 0.06730769481509924 0.06250000232830644
0 0.27163462550379336 0.45793270936701447 0.043269232381135225 0.05048077111132443
0 0.25961539428681135 0.3786057833349332 0.043269232381135225 0.04567307862453163
0 0.03125000116415322 0.44711540127173066 0.043269232381135225 0.03365384740754962
0 0.04807692486792803 0.41706732322927564 0.03365384740754962 0.03125000116415322
0 0.10336538846604526 0.43990386254154146 0.043269232381135225 0.043269232381135225
0 0.13341346650850028 0.39663463016040623 0.040865386137738824 0.03365384740754962
2 0.3786057833349332 0.5516827128594741 0.11298077343963087 0.1899038532283157
2 0.5372596353990957 0.5432692510075867 0.14182692836038768 0.21634616190567613
2 0.6875000256113708 0.5456730972509831 0.13461538963019848 0.22115385439246893
1 0.8353365695802495 0.45312501688022166 0.07932692603208125 0.07932692603208125
2 0.03846153989434242 0.5012019417481497 0.07211538730189204 0.14182692836038768
2 0.12980769714340568 0.4987980955047533 0.09615384973585606 0.14182692836038768
2 0.28485577984247357 0.5288461735472083 0.10336538846604526 0.1826923144981265
0 0.20673077693209052 0.44951924751512706 0.03365384740754962 0.043269232381135225
2 0.21514423878397793 0.5204327116953209 0.08413461851887405 0.1802884682547301
2 0.27524039486888796 0.39783655328210443 0.09375000349245965 0.08413461851887405
0 0.19591346883680671 0.39543270703870803 0.040865386137738824 0.03605769365094602
2 0.19591346883680671 0.40745193825569004 0.06971154105849564 0.06490384857170284
2 0.14062500523868948 0.43149040068965405 0.05048077111132443 0.09375000349245965
2 0.06370192545000464 0.43990386254154146 0.05528846359811723 0.07211538730189204
2 0.8161057996330783 0.5336538660340011 0.12259615841321647 0.24038462433964014
2 0.5024038648698479 0.41826924635097384 0.10576923470944166 0.07692307978868484
0 0.5180288654519245 0.025240385555662215 0.05528846359811723 0.05048077111132443
0 0.9122596493689343 0.03125000116415322 0.07451923354528844 0.06250000232830644
0 0.6694711787858978 0.026442308677360415 0.05528846359811723 0.05288461735472083
0 0.25961539428681135 0.05168269423302263 0.043269232381135225 0.04567307862453163
0 0.04927884798962623 0.014423077460378408 0.03605769365094602 0.028846154920756817
0 0.10456731158774346 0.0060096156084910035 0.04567307862453163 0.012019231216982007
0 0.13341346650850028 0.03125000116415322 0.040865386137738824 0.03365384740754962
2 0.377403860213235 0.957932727993466 0.11538461968302727 0.07932692603208125
2 0.5360577122773975 0.9555288817500696 0.14423077460378408 0.08413461851887405
2 0.688701948733069 0.9531250355066732 0.13701923587359488 0.08894231100566685
1 0.8341346464585513 0.008413461851887405 0.08173077227547765 0.01682692370377481
2 0.28365385672077537 0.9711538823321462 0.10576923470944166 0.05288461735472083
2 0.21394231566227973 0.975961574818939 0.08653846476227045 0.043269232381135225
2 0.27403847174718976 0.03725961677264422 0.09615384973585606 0.07451923354528844
0 0.19591346883680671 0.03485577052924782 0.040865386137738824 0.03605769365094602
2 0.1947115457151085 0.027644231799058616 0.07211538730189204 0.05528846359811723
2 0.13942308211699128 0.022836539312265813 0.05288461735472083 0.04567307862453163
2 0.06250000232830644 0.013221154338680208 0.057692309841513634 0.026442308677360415
2 0.8149038765113801 0.9543269586283714 0.12500000465661287 0.08653846476227045
2 0.5036057879915461 0.025240385555662215 0.10817308095283806 0.05048077111132443
