0 0.7391827198443934 0.389423091430217 0.08413461851887405 0.10096154222264886
0 0.07211538730189204 0.44591347815003246 0.08173077227547765 0.09375000349245965
0 0.25961539428681135 0.41586540010757744 0.07211538730189204 0.09134615724906325
0 0.6021634839707986 0.40745193825569004 0.060096156084910035 0.07932692603208125
0 0.9062500337604433 0.43990386254154146 0.06250000232830644 0.08653846476227045
0 0.4663461712189019 0.43750001629814506 0.03365384740754962 0.04807692486792803
0 0.5420673278858885 0.43389424693305045 0.040865386137738824 0.05528846359811723
0 0.5048077111132443 0.45552886312361807 0.028846154920756817 0.040865386137738824
0 0.6574519475689158 0.41466347698587924 0.03605769365094602 0.05528846359811723
0 0.8545673395274207 0.43269232381135225 0.05048077111132443 0.08653846476227045
0 0.8064904146594927 0.43629809317644686 0.05048077111132443 0.06490384857170284
