0 0.9026442643953487 0.24337349901907146 0.09375000349245965 0.11084337579086423
0 0.8245192614849657 0.5722891684854403 0.12980769714340568 0.14216867764480412
0 0.5432692510075867 0.24216867971699685 0.057692309841513634 0.06987951952032745
0 0.353365397779271 0.260240969248116 0.06730769481509924 0.07228915812447667
0 0.1598557751858607 0.3771084415493533 0.06490384857170284 0.06024096510373056
0 0.7860577215906233 0.281927716685459 0.04807692486792803 0.05783132649958134
0 0.8858173406915739 0.4084337434032932 0.060096156084910035 0.08915662835352123
0 0.6778846406377852 0.42409639433026314 0.057692309841513634 0.05783132649958134
0 0.6935096412198618 0.2590361499460414 0.04567307862453163 0.055421687895432115
0 0.3798077064566314 0.303614464122802 0.03846153989434242 0.05301204929128289
0 0.3569711671443656 0.38313253805972636 0.09375000349245965 0.0963855441659689
0 0.9026442643953487 0.0746987967286259 0.09375000349245965 0.11084337579086423
0 0.5432692510075867 0.07831325463484973 0.057692309841513634 0.06987951952032745
0 0.353365397779271 0.05783132649958134 0.06730769481509924 0.07228915812447667
0 0.7860577215906233 0.036144579062238336 0.04807692486792803 0.05783132649958134
0 0.6935096412198618 0.06144578440580517 0.04567307862453163 0.055421687895432115
0 0.3810096295783296 0.021686747437343 0.040865386137738824 0.043373494874686
