1 0.11778846592642367 0.3509615515358746 0.11057692719623446 0.10096154222264886
1 0.1947115457151085 0.3221153966151178 0.03365384740754962 0.05288461735472083
1 0.024038462433964014 0.28605770296417177 0.024038462433964014 0.03846153989434242
1 0.24038462433964014 0.329326935345307 0.06730769481509924 0.09134615724906325
1 0.27884616423398256 0.27403847174718976 0.03846153989434242 0.043269232381135225
1 0.3377403971971944 0.3149038578849286 0.06971154105849564 0.07692307978868484
1 0.40144232264719903 0.3269230891019106 0.05288461735472083 0.06250000232830644
1 0.43389424693305045 0.29206731857266277 0.03125000116415322 0.03605769365094602
1 0.4855769411660731 0.3365384740754962 0.06730769481509924 0.08173077227547765
1 0.6069711764575914 0.371394244604744 0.05048077111132443 0.07932692603208125
1 0.8641827245010063 0.43269232381135225 0.10817308095283806 0.08653846476227045
1 0.9026442643953487 0.3389423203188926 0.040865386137738824 0.06250000232830644
1 0.8125000302679837 0.3497596284141764 0.03846153989434242 0.05048077111132443
0 0.7572115666698664 0.3209134734934196 0.03365384740754962 0.04567307862453163
0 0.7091346418019384 0.3185096272500232 0.03365384740754962 0.05048077111132443
0 0.6778846406377852 0.3305288584670052 0.03846153989434242 0.05048077111132443
1 0.6418269469868392 0.3365384740754962 0.03846153989434242 0.06250000232830644
0 0.6129807920660824 0.29206731857266277 0.01923076994717121 0.026442308677360415
1 0.11899038904812187 0.01682692370377481 0.11298077343963087 0.03365384740754962
1 0.19591346883680671 0.01923076994717121 0.03605769365094602 0.03846153989434242
1 0.024038462433964014 0.04567307862453163 0.024038462433964014 0.03846153989434242
1 0.24158654746133834 0.025240385555662215 0.06971154105849564 0.05048077111132443
1 0.27884616423398256 0.057692309841513634 0.03846153989434242 0.043269232381135225
1 0.3365384740754962 0.028846154920756817 0.07211538730189204 0.057692309841513634
1 0.40264424576889724 0.01923076994717121 0.05528846359811723 0.03846153989434242
1 0.43389424693305045 0.042067309259437025 0.03125000116415322 0.03605769365094602
1 0.4867788642877713 0.01923076994717121 0.06971154105849564 0.03846153989434242
1 0.9014423412736505 0.013221154338680208 0.043269232381135225 0.026442308677360415
1 0.8137019533896819 0.004807692486792803 0.040865386137738824 0.009615384973585606
0 0.7584134897915646 0.01802884682547301 0.03605769365094602 0.03605769365094602
0 0.7103365649236366 0.020432693068869412 0.03605769365094602 0.040865386137738824
0 0.6790865637594834 0.014423077460378408 0.040865386137738824 0.028846154920756817
1 0.6430288701085374 0.014423077460378408 0.040865386137738824 0.028846154920756817
0 0.6129807920660824 0.042067309259437025 0.01923076994717121 0.026442308677360415
