0 0.5697115596849471 0.3641827058745548 0.07211538730189204 0.08413461851887405
0 0.20793270005378872 0.305288472911343 0.06971154105849564 0.10576923470944166
0 0.39663463016040623 0.335336550953798 0.07211538730189204 0.09855769597925246
0 0.3161057810066268 0.3485577052924782 0.05528846359811723 0.07211538730189204
0 0.8689904169877991 0.3677884752396494 0.09375000349245965 0.10576923470944166
0 0.13461538963019848 0.299278857302852 0.10576923470944166 0.12740385090000927
1 0.706730795558542 0.3701923214830458 0.05288461735472083 0.06730769481509924
0 0.5709134828066453 0.020432693068869412 0.07451923354528844 0.040865386137738824
0 0.20793270005378872 0.05528846359811723 0.06971154105849564 0.10576923470944166
0 0.39783655328210443 0.03846153989434242 0.07451923354528844 0.07692307978868484
0 0.3149038578849286 0.025240385555662215 0.057692309841513634 0.05048077111132443
0 0.8677884938661009 0.024038462433964014 0.09615384973585606 0.04807692486792803
0 0.13581731275189668 0.06370192545000464 0.10817308095283806 0.12740385090000927
1 0.7079327186802402 0.013221154338680208 0.05528846359811723 0.026442308677360415
