0 0.3461538590490818 0.3024096448207274 0.1923076994717121 0.20963855856098235
0 0.5240384810604155 0.4421686838613823 0.08653846476227045 0.08915662835352123
0 0.40504809201229364 0.42409639433026314 0.09855769597925246 0.12048193020746112
0 0.5709134828066453 0.5096385647775605 0.05048077111132443 0.05060241068713367
0 0.341346166562289 0.4397590452572331 0.043269232381135225 0.036144579062238336
2 0.21875000814907253 0.5253012157045305 0.39903847640380263 0.6024096510373056
2 0.3737980908481404 0.5975903738290071 0.19951923820190132 0.45783133478835225
2 0.5552884822245687 0.5614457947667688 0.12980769714340568 0.1493975934572518
2 0.4783654024358839 0.579518084297888 0.1730769295245409 0.3638554292265326
0 0.34735578217078 0.07349397742655128 0.1947115457151085 0.14698795485310256
2 0.21995193127077073 0.06024096510373056 0.40144232264719903 0.12048193020746112
2 0.21995193127077073 0.9156626695767045 0.40144232264719903 0.16385542508214712
2 0.3725961677264422 0.9156626695767045 0.20192308444529772 0.16385542508214712
2 0.4795673255575821 0.948192790732719 0.1754807757679373 0.09879518277011812
