1 0.1682692370377481 0.40745193825569004 0.08173077227547765 0.09855769597925246
1 0.3004807804245502 0.41947116947267205 0.11057692719623446 0.11778846592642367
1 0.44350963190663606 0.3846153989434242 0.07451923354528844 0.09134615724906325
1 0.670673101907596 0.40745193825569004 0.11057692719623446 0.12740385090000927
1 0.9050481106387451 0.39062501455191523 0.07451923354528844 0.09855769597925246
1 0.1694711601594463 0.03846153989434242 0.08413461851887405 0.07692307978868484
1 0.3016827035462484 0.03725961677264422 0.11298077343963087 0.07451923354528844
1 0.44350963190663606 0.04807692486792803 0.07451923354528844 0.09134615724906325
1 0.6718750250292942 0.04567307862453163 0.11298077343963087 0.09134615724906325
1 0.9038461875170469 0.04687500174622983 0.07692307978868484 0.09375000349245965
