0 0.3798077064566314 0.43990386254154146 0.057692309841513634 0.06730769481509924
0 0.5012019417481497 0.43870193941984326 0.05048077111132443 0.06971154105849564
0 0.23197116248775274 0.4747596330707893 0.05048077111132443 0.06971154105849564
0 0.9411058042896912 0.4771634793141857 0.04567307862453163 0.06971154105849564
1 0.8365384927019477 0.4663461712189019 0.05288461735472083 0.06250000232830644
1 0.14663462084718049 0.4723557868273929 0.05288461735472083 0.06971154105849564
1 0.6538461782038212 0.44951924751512706 0.043269232381135225 0.057692309841513634
0 0.3161057810066268 0.45793270936701447 0.03605769365094602 0.05528846359811723
1 0.5336538660340011 0.45432694000191987 0.03365384740754962 0.05288461735472083
1 0.7331731042359024 0.4723557868273929 0.03365384740754962 0.040865386137738824
1 0.45432694000191987 0.46153847873210907 0.028846154920756817 0.043269232381135225
1 0.6081730995792896 0.45432694000191987 0.03846153989434242 0.03846153989434242
