0 0.14182692836038768 0.44110578566323966 0.12500000465661287 0.12259615841321647
0 0.1862980838632211 0.5829327140236273 0.14182692836038768 0.14182692836038768
0 0.3365384740754962 0.724759642384015 0.1730769295245409 0.1802884682547301
0 0.46394232497550547 0.5480769434943795 0.12980769714340568 0.1634615445509553
0 0.5276442504255101 0.39182693767361343 0.07932692603208125 0.08173077227547765
0 0.5396634816424921 0.4687500174622983 0.12259615841321647 0.09615384973585606
0 0.6574519475689158 0.5192307885736227 0.08894231100566685 0.10576923470944166
0 0.63461540825665 0.3605769365094602 0.057692309841513634 0.07211538730189204
0 0.6838942562462762 0.3822115527000278 0.060096156084910035 0.07211538730189204
0 0.7079327186802402 0.44471155502833426 0.08413461851887405 0.08173077227547765
0 0.8605769551359117 0.5012019417481497 0.1538461595773697 0.1658653907943517
0 0.8040865684160963 0.44350963190663606 0.08413461851887405 0.09855769597925246
0 0.8533654164057225 0.3701923214830458 0.07692307978868484 0.08653846476227045
0 0.3377403971971944 0.9194711880991235 0.1754807757679373 0.1562500058207661
0 0.6358173313783482 0.007211538730189204 0.060096156084910035 0.014423077460378408
