1 0.1478365439688787 0.3677884752396494 0.06971154105849564 0.09134615724906325
1 0.25961539428681135 0.39182693767361343 0.06730769481509924 0.08653846476227045
1 0.3545673209009692 0.383413475821726 0.06490384857170284 0.07932692603208125
1 0.025240385555662215 0.3521634746575728 0.04567307862453163 0.09855769597925246
1 0.06490384857170284 0.40024039952550083 0.05288461735472083 0.06971154105849564
1 0.1911057763500139 0.39783655328210443 0.05048077111132443 0.06971154105849564
1 0.44591347815003246 0.41105770762078464 0.04567307862453163 0.057692309841513634
1 0.4927884798962623 0.40985578449908644 0.03365384740754962 0.04567307862453163
1 0.5360577122773975 0.3858173220651224 0.04807692486792803 0.06971154105849564
0 0.5745192521717399 0.3786057833349332 0.043269232381135225 0.07451923354528844
