1 0.9158654187340289 0.5264423273038119 0.14423077460378408 0.12980769714340568
1 0.1658653907943517 0.5216346348170191 0.08173077227547765 0.08653846476227045
1 0.09855769597925246 0.4987980955047533 0.05288461735472083 0.07451923354528844
1 0.6490384857170284 0.4699519405839965 0.057692309841513634 0.06971154105849564
1 0.08894231100566685 0.5853365602670237 0.12980769714340568 0.14182692836038768
1 0.020432693068869412 0.4879807874094695 0.03605769365094602 0.057692309841513634
1 0.34735578217078 0.4747596330707893 0.03605769365094602 0.05048077111132443
1 0.42668270820286125 0.4687500174622983 0.05048077111132443 0.05288461735472083
1 0.5084134804783389 0.4675480943406001 0.05048077111132443 0.060096156084910035
1 0.06850961793679744 0.4855769411660731 0.04567307862453163 0.04807692486792803
