1 0.6009615608491004 0.32891566946636885 0.06730769481509924 0.0746987967286259
1 0.10817308095283806 0.3879518152680248 0.12980769714340568 0.1397590390406549
1 0.939903881167993 0.33975904318504035 0.06250000232830644 0.06265060370787978
1 0.8052884915377945 0.3325301273725927 0.04807692486792803 0.05783132649958134
1 0.8641827245010063 0.33975904318504035 0.04567307862453163 0.05301204929128289
1 0.43389424693305045 0.35903615201823413 0.04567307862453163 0.05783132649958134
1 0.7103365649236366 0.34096386248711497 0.040865386137738824 0.05060241068713367
1 0.23317308560945094 0.3554216941120103 0.043269232381135225 0.05060241068713367
1 0.3197115503717214 0.35903615201823413 0.04807692486792803 0.05783132649958134
1 0.646634639473632 0.3542168748099357 0.03365384740754962 0.04819277208298445
1 0.6009615608491004 0.0542168685933575 0.06730769481509924 0.0746987967286259
1 0.10937500407453626 0.0325301211560145 0.13221154338680208 0.065060242312029
1 0.939903881167993 0.04096385627053678 0.06250000232830644 0.06265060370787978
1 0.8052884915377945 0.04819277208298445 0.04807692486792803 0.05783132649958134
1 0.8641827245010063 0.04096385627053678 0.04567307862453163 0.05301204929128289
1 0.43269232381135225 0.026506024645641446 0.04807692486792803 0.05301204929128289
1 0.7103365649236366 0.04216867557261139 0.040865386137738824 0.05060241068713367
1 0.23317308560945094 0.027710843947716057 0.043269232381135225 0.05060241068713367
1 0.3209134734934196 0.026506024645641446 0.05048077111132443 0.05301204929128289
1 0.646634639473632 0.026506024645641446 0.03365384740754962 0.04819277208298445
