0 0.7475961816962808 0.3137019347632304 0.06730769481509924 0.09375000349245965
0 0.3125000116415322 0.2956730879377574 0.12500000465661287 0.10096154222264886
0 0.5588942515896633 0.28125001047737896 0.08894231100566685 0.12019231216982007
0 0.8882211869349703 0.3088942422764376 0.10817308095283806 0.08894231100566685
0 0.3449519359273836 0.28365385672077537 0.08413461851887405 0.08173077227547765
0 0.012019231216982007 0.29447116481605917 0.01923076994717121 0.07451923354528844
0 0.748798104817979 0.03365384740754962 0.06971154105849564 0.06730769481509924
0 0.3137019347632304 0.044471155502833426 0.12740385090000927 0.08894231100566685
0 0.5576923284679651 0.05649038671981543 0.09134615724906325 0.11298077343963087
0 0.8870192638132721 0.03485577052924782 0.11057692719623446 0.06971154105849564
0 0.3449519359273836 0.04807692486792803 0.08413461851887405 0.08173077227547765
0 0.012019231216982007 0.03966346301604062 0.01923076994717121 0.07451923354528844
