0 0.1682692370377481 0.28674699389375746 0.07692307978868484 0.09156626695767045
0 0.7752404134953395 0.281927716685459 0.06971154105849564 0.07228915812447667
0 0.23918270121794194 0.2686747043626383 0.06971154105849564 0.08915662835352123
0 0.44831732439342886 0.3337349466746673 0.06490384857170284 0.07951807393692434
0 0.658653870690614 0.3361445852788165 0.057692309841513634 0.055421687895432115
0 0.6923077180981636 0.30843374133110046 0.03365384740754962 0.04819277208298445
0 0.1682692370377481 0.045783133478835225 0.07692307978868484 0.09156626695767045
0 0.7752404134953395 0.05060241068713367 0.06971154105849564 0.07228915812447667
0 0.23918270121794194 0.06626506161410362 0.06971154105849564 0.08915662835352123
0 0.44711540127173066 0.02048192813526839 0.06730769481509924 0.04096385627053678
0 0.6598557938123122 0.013253012322820723 0.060096156084910035 0.026506024645641446
0 0.6923077180981636 0.024096386041492224 0.03365384740754962 0.04819277208298445
