0 0.25000000931322575 0.45662651548627764 0.1586538520641625 0.14698795485310256
0 0.6141827151877806 0.7409638707758859 0.1754807757679373 0.17590361810289323
0 0.7331731042359024 0.42409639433026314 0.1634615445509553 0.15421687066555023
0 0.8509615701623261 0.28313253598753363 0.1538461595773697 0.18554217251949012
0 0.6334134851349518 0.5746988070895895 0.14663462084718049 0.14698795485310256
0 0.9483173430198804 0.40481928549706936 0.09855769597925246 0.173493979498744
0 0.688701948733069 0.3228915729559958 0.13221154338680208 0.14457831624895334
0 0.28365385672077537 0.6493976038182154 0.1730769295245409 0.151807232061401
0 0.9447115736547858 0.6481927845161408 0.10576923470944166 0.1927710883319378
1 0.43509617005474865 0.4855421787360683 0.13942308211699128 0.12771084601990879
1 0.7680288747651502 0.6614457968389615 0.14182692836038768 0.15662650926969945
0 0.6129807920660824 0.9180723081808537 0.1778846220113337 0.15903614787384868
0 0.8521634932840243 0.07228915812447667 0.1562500058207661 0.14457831624895334
0 0.6875000256113708 0.04216867557261139 0.13461538963019848 0.08433735114522278
0 0.28485577984247357 0.969879538170062 0.1754807757679373 0.055421687895432115
0 0.945913496776484 0.9602409837534651 0.10817308095283806 0.0746987967286259
1 0.766826951643452 0.9626506223576143 0.14423077460378408 0.06987951952032745
