0 0.8317308002151549 0.3204819343518466 0.08173077227547765 0.10120482137426734
0 0.11418269656132907 0.3325301273725927 0.06971154105849564 0.09156626695767045
0 0.6298077157698572 0.3433735010912642 0.06730769481509924 0.08915662835352123
0 0.3449519359273836 0.33855422388296574 0.06490384857170284 0.08915662835352123
0 0.5060096342349425 0.34819277829956263 0.060096156084910035 0.09397590556181967
0 0.45793270936701447 0.33975904318504035 0.05048077111132443 0.086746989749372
0 0.7055288724368438 0.3746988029452041 0.04567307862453163 0.055421687895432115
1 0.21995193127077073 0.3445783203933388 0.06490384857170284 0.06746988091617823
1 0.28004808735568076 0.3457831396954134 0.040865386137738824 0.05060241068713367
0 0.7524038741830736 0.36987952573690563 0.03846153989434242 0.055421687895432115
1 0.1490384670905769 0.33975904318504035 0.03846153989434242 0.05301204929128289
1 0.07692307978868484 0.3554216941120103 0.03846153989434242 0.06987951952032745
1 0.5721154059283435 0.35903615201823413 0.03846153989434242 0.03373494045808911
1 0.41346155386418104 0.35060241690371186 0.03365384740754962 0.04096385627053678
0 0.8329327233368531 0.0325301211560145 0.08413461851887405 0.065060242312029
0 0.11298077343963087 0.024096386041492224 0.07211538730189204 0.04819277208298445
0 0.6310096388915554 0.018072289531119168 0.06971154105849564 0.036144579062238336
0 0.3437500128056854 0.02048192813526839 0.06730769481509924 0.04096385627053678
0 0.5048077111132443 0.016867470229044557 0.06250000232830644 0.03373494045808911
0 0.45673078624531627 0.01927710883319378 0.05288461735472083 0.03855421766638756
1 0.21875000814907253 0.012048193020746112 0.06730769481509924 0.024096386041492224
1 0.27884616423398256 0.007228915812447667 0.043269232381135225 0.014457831624895334
1 0.1502403902122751 0.0108433737186715 0.040865386137738824 0.021686747437343
1 0.07812500291038305 0.007228915812447667 0.040865386137738824 0.014457831624895334
