1 0.13221154338680208 0.34735578217078 0.1538461595773697 0.1706730832811445
1 0.75480772042647 0.317307704128325 0.12980769714340568 0.1538461595773697
1 0.6141827151877806 0.359375013387762 0.07451923354528844 0.10336538846604526
1 0.3750000139698386 0.40024039952550083 0.09615384973585606 0.12259615841321647
1 0.4939904030179605 0.3750000139698386 0.06490384857170284 0.07692307978868484
1 0.25120193243492395 0.40504809201229364 0.040865386137738824 0.04567307862453163
1 0.3016827035462484 0.39182693767361343 0.040865386137738824 0.05288461735472083
1 0.5853365602670237 0.1911057763500139 0.03125000116415322 0.03125000116415322
1 0.6370192545000464 0.1923076994717121 0.028846154920756817 0.03846153989434242
1 0.6935096412198618 0.19831731508020312 0.021634616190567613 0.03605769365094602
1 0.27524039486888796 0.28485577984247357 0.026442308677360415 0.03125000116415322
1 0.3161057810066268 0.1923076994717121 0.021634616190567613 0.03365384740754962
1 0.3449519359273836 0.1947115457151085 0.021634616190567613 0.024038462433964014
1 0.39783655328210443 0.1838942376198247 0.021634616190567613 0.026442308677360415
1 0.3798077064566314 0.1935096225934103 0.01923076994717121 0.03125000116415322
1 0.365384628996253 0.20192308444529772 0.01923076994717121 0.028846154920756817
1 0.13341346650850028 0.03846153989434242 0.1562500058207661 0.07692307978868484
1 0.7560096435481682 0.04927884798962623 0.13221154338680208 0.09855769597925246
1 0.6129807920660824 0.01562500058207661 0.07692307978868484 0.03125000116415322
1 0.5853365602670237 0.1478365439688787 0.03125000116415322 0.03125000116415322
1 0.6370192545000464 0.14423077460378408 0.028846154920756817 0.03846153989434242
1 0.6935096412198618 0.14062500523868948 0.021634616190567613 0.03605769365094602
1 0.27524039486888796 0.05408654047641903 0.026442308677360415 0.03125000116415322
1 0.3161057810066268 0.14423077460378408 0.021634616190567613 0.03365384740754962
1 0.3449519359273836 0.14182692836038768 0.021634616190567613 0.024038462433964014
1 0.39783655328210443 0.1550480826990679 0.021634616190567613 0.026442308677360415
1 0.3798077064566314 0.14543269772548229 0.01923076994717121 0.03125000116415322
1 0.365384628996253 0.13461538963019848 0.01923076994717121 0.028846154920756817
