0 0.22115385439246893 0.5686747105792165 0.043269232381135225 0.043373494874686
0 0.27884616423398256 0.5650602526729926 0.03846153989434242 0.045783133478835225
0 0.3185096272500232 0.563855433370918 0.03605769365094602 0.03855421766638756
0 0.3762019370915368 0.5674698912771419 0.03605769365094602 0.04096385627053678
0 0.44110578566323966 0.5771084456937388 0.03605769365094602 0.04096385627053678
0 0.40985578449908644 0.5566265175584704 0.03125000116415322 0.03855421766638756
0 0.5600961747113615 0.5722891684854403 0.03846153989434242 0.036144579062238336
0 0.8125000302679837 0.5662650719750673 0.05288461735472083 0.05301204929128289
0 0.7115384880453348 0.5518072403501719 0.028846154920756817 0.02891566324979067
0 0.5697115596849471 0.5265060350066051 0.028846154920756817 0.036144579062238336
0 0.22115385439246893 0.9301205012015998 0.043269232381135225 0.043373494874686
0 0.27884616423398256 0.9361445977119729 0.03846153989434242 0.045783133478835225
0 0.3185096272500232 0.9349397784098983 0.03605769365094602 0.03855421766638756
0 0.3762019370915368 0.9337349591078237 0.03605769365094602 0.04096385627053678
0 0.44110578566323966 0.9240964046912268 0.03605769365094602 0.04096385627053678
0 0.40985578449908644 0.942168694222346 0.03125000116415322 0.03855421766638756
0 0.5600961747113615 0.9289156818995252 0.03846153989434242 0.036144579062238336
0 0.8125000302679837 0.9325301398057491 0.05288461735472083 0.05301204929128289
0 0.7115384880453348 0.9469879714306444 0.028846154920756817 0.02891566324979067
0 0.5697115596849471 0.9746988153783605 0.028846154920756817 0.036144579062238336
