0 0.8810096482047811 0.341346166562289 0.1514423133339733 0.1826923144981265
0 0.646634639473632 0.3341346278320998 0.12980769714340568 0.1826923144981265
0 0.41706732322927564 0.383413475821726 0.06490384857170284 0.09855769597925246
0 0.1850961607415229 0.3221153966151178 0.14423077460378408 0.1923076994717121
0 0.5048077111132443 0.39543270703870803 0.09134615724906325 0.12259615841321647
0 0.28004808735568076 0.3605769365094602 0.08894231100566685 0.1538461595773697
0 0.3341346278320998 0.39783655328210443 0.07692307978868484 0.11778846592642367
0 0.8798077250830829 0.07331731042359024 0.1538461595773697 0.14663462084718049
0 0.6478365625953302 0.07692307978868484 0.13221154338680208 0.1538461595773697
0 0.41586540010757744 0.03125000116415322 0.06730769481509924 0.06250000232830644
0 0.1862980838632211 0.08533654164057225 0.14663462084718049 0.1706730832811445
0 0.5060096342349425 0.03125000116415322 0.09375000349245965 0.06250000232830644
0 0.27884616423398256 0.05649038671981543 0.09134615724906325 0.11298077343963087
0 0.335336550953798 0.028846154920756817 0.07932692603208125 0.057692309841513634
