0 0.5649038671981543 0.2987951869145036 0.11538461968302727 0.15421687066555023
0 0.3329327047104016 0.37349398364312947 0.11778846592642367 0.15421687066555023
0 0.8882211869349703 0.33855422388296574 0.09375000349245965 0.14216867764480412
0 0.11778846592642367 0.368674706434831 0.10576923470944166 0.1397590390406549
0 0.05408654047641903 0.37108434503898025 0.07451923354528844 0.12048193020746112
0 0.730769257992506 0.33855422388296574 0.13461538963019848 0.16626506368629634
0 0.9831731135491282 0.3566265134140849 0.024038462433964014 0.09156626695767045
0 0.5661057903198525 0.044578314176760614 0.11778846592642367 0.08915662835352123
0 0.8870192638132721 0.021686747437343 0.09615384973585606 0.043373494874686
0 0.7319711811142042 0.027710843947716057 0.13701923587359488 0.055421687895432115
