0 0.12019231216982007 0.8149038765113801 0.1730769295245409 0.11057692719623446
1 0.09735577285755426 0.29447116481605917 0.08894231100566685 0.08894231100566685
1 0.7896634909557179 0.25240385555662215 0.07932692603208125 0.09615384973585606
1 0.652644255082123 0.28245193359907717 0.09375000349245965 0.10336538846604526
1 0.41947116947267205 0.28605770296417177 0.07932692603208125 0.10096154222264886
1 0.8293269539717585 0.3389423203188926 0.09134615724906325 0.10576923470944166
1 0.28485577984247357 0.25961539428681135 0.09375000349245965 0.12019231216982007
1 0.1875000069849193 0.3581730902660638 0.13942308211699128 0.1490384670905769
1 0.5480769434943795 0.4663461712189019 0.10576923470944166 0.1490384670905769
0 0.12019231216982007 0.9350961886812001 0.1730769295245409 0.11057692719623446
1 0.7884615678340197 0.024038462433964014 0.08173077227547765 0.04807692486792803
1 0.6514423319604248 0.010817308095283806 0.09615384973585606 0.021634616190567613
1 0.28365385672077537 0.026442308677360415 0.09615384973585606 0.05288461735472083
