0 0.6093750227009878 0.30481928342487663 0.040865386137738824 0.065060242312029
0 0.6790865637594834 0.3240963922580704 0.03605769365094602 0.05060241068713367
0 0.7403846429660916 0.325301211560145 0.043269232381135225 0.05301204929128289
0 0.46514424809720367 0.3216867536539212 0.040865386137738824 0.05060241068713367
0 0.3016827035462484 0.32771085016429424 0.040865386137738824 0.05301204929128289
0 0.40504809201229364 0.3216867536539212 0.040865386137738824 0.05060241068713367
0 0.6081730995792896 0.03132530185393989 0.043269232381135225 0.06265060370787978
0 0.6778846406377852 0.018072289531119168 0.03846153989434242 0.036144579062238336
0 0.7415865660877898 0.018072289531119168 0.04567307862453163 0.036144579062238336
0 0.46394232497550547 0.01927710883319378 0.043269232381135225 0.03855421766638756
0 0.3004807804245502 0.016867470229044557 0.043269232381135225 0.03373494045808911
0 0.40384616889059544 0.01927710883319378 0.043269232381135225 0.03855421766638756
