0 0.5625000209547579 0.5480769434943795 0.04807692486792803 0.06730769481509924
0 0.13341346650850028 0.5649038671981543 0.040865386137738824 0.04807692486792803
0 0.05408654047641903 0.5420673278858885 0.03605769365094602 0.03605769365094602
0 0.08293269539717585 0.5625000209547579 0.03605769365094602 0.04807692486792803
0 0.22716347000095993 0.5588942515896633 0.03125000116415322 0.04567307862453163
0 0.27644231799058616 0.5504807897377759 0.03365384740754962 0.04807692486792803
0 0.3161057810066268 0.5697115596849471 0.04567307862453163 0.057692309841513634
0 0.39783655328210443 0.5468750203726813 0.04567307862453163 0.05528846359811723
0 0.5204327116953209 0.5661057903198525 0.03605769365094602 0.05048077111132443
0 0.4939904030179605 0.5516827128594741 0.03125000116415322 0.04567307862453163
0 0.6382211776217446 0.5492788666160777 0.03605769365094602 0.04567307862453163
0 0.6778846406377852 0.5492788666160777 0.03365384740754962 0.05048077111132443
0 0.7199519498972222 0.5625000209547579 0.040865386137738824 0.05288461735472083
1 0.9362981118028983 0.5997596377274022 0.06971154105849564 0.06971154105849564
0 0.8004807990510017 0.5432692510075867 0.04807692486792803 0.05288461735472083
0 0.8990384950302541 0.5420673278858885 0.03365384740754962 0.04567307862453163
0 0.9687500360887498 0.5480769434943795 0.04807692486792803 0.057692309841513634
