1 0.03365384740754962 0.5108433840796351 0.03365384740754962 0.043373494874686
1 0.11418269656132907 0.5240963964024559 0.021634616190567613 0.026506024645641446
1 0.1923076994717121 0.5216867577983066 0.014423077460378408 0.026506024645641446
1 0.1526442364556715 0.514457841985859 0.040865386137738824 0.055421687895432115
1 0.3004807804245502 0.48915663664229214 0.03846153989434242 0.05301204929128289
1 0.34735578217078 0.47951808222569525 0.03125000116415322 0.03855421766638756
1 0.3305288584670052 0.4939759138505906 0.021634616190567613 0.03373494045808911
1 0.3870192451868206 0.4843373594339937 0.03365384740754962 0.03373494045808911
1 0.44951924751512706 0.49036145594436675 0.03365384740754962 0.045783133478835225
1 0.4951923261396587 0.47831326292362064 0.05288461735472083 0.065060242312029
1 0.8593750320142135 0.44578314176760614 0.03605769365094602 0.043373494874686
1 0.652644255082123 0.45903615409042686 0.04567307862453163 0.055421687895432115
