0 0.27283654862549156 0.4216867557261139 0.07932692603208125 0.08192771254107356
0 0.5000000186264515 0.4313253101427108 0.03365384740754962 0.04819277208298445
0 0.4687500174622983 0.42771085223648697 0.03365384740754962 0.045783133478835225
0 0.5625000209547579 0.43493976804893464 0.03846153989434242 0.045783133478835225
0 0.6009615608491004 0.4216867557261139 0.03365384740754962 0.043373494874686
0 0.6514423319604248 0.42650603293441236 0.043269232381135225 0.05783132649958134
0 0.9170673418557271 0.3963855503825471 0.09375000349245965 0.09397590556181967
0 0.7139423342887312 0.39156627317424864 0.09134615724906325 0.10361445997841656
0 0.7584134897915646 0.41686747851781547 0.03605769365094602 0.05301204929128289
0 0.8557692626491189 0.4204819364240393 0.03846153989434242 0.05060241068713367
