1 0.8810096482047811 0.41686747851781547 0.08413461851887405 0.086746989749372
1 0.6502404088387266 0.41445783991366625 0.05528846359811723 0.07228915812447667
1 0.5360577122773975 0.4289156715385616 0.06250000232830644 0.07228915812447667
1 0.7704327210085467 0.41325302061159164 0.060096156084910035 0.065060242312029
1 0.5937500221189111 0.4289156715385616 0.04807692486792803 0.06265060370787978
1 0.3125000116415322 0.4228915750281885 0.04807692486792803 0.065060242312029
1 0.1899038532283157 0.4409638645593077 0.05288461735472083 0.06746988091617823
1 0.026442308677360415 0.4626506119966507 0.04807692486792803 0.07228915812447667
1 0.26442308677360415 0.44578314176760614 0.04807692486792803 0.05783132649958134
1 0.3485577052924782 0.43493976804893464 0.043269232381135225 0.055421687895432115
1 0.40504809201229364 0.42771085223648697 0.040865386137738824 0.045783133478835225
1 0.9675481129670516 0.41566265921574086 0.03125000116415322 0.045783133478835225
1 0.6850961793679744 0.4192771171219647 0.03365384740754962 0.04819277208298445
1 0.7223557961406186 0.42409639433026314 0.03125000116415322 0.04819277208298445
1 0.8798077250830829 0.036144579062238336 0.08653846476227045 0.07228915812447667
1 0.6490384857170284 0.03373494045808911 0.057692309841513634 0.06746988091617823
1 0.5372596353990957 0.026506024645641446 0.06490384857170284 0.05301204929128289
1 0.7692307978868484 0.0325301211560145 0.06250000232830644 0.065060242312029
1 0.5949519452406093 0.024096386041492224 0.05048077111132443 0.04819277208298445
1 0.3137019347632304 0.027710843947716057 0.05048077111132443 0.055421687895432115
1 0.1911057763500139 0.01927710883319378 0.05528846359811723 0.03855421766638756
1 0.027644231799058616 0.00963855441659689 0.05048077111132443 0.01927710883319378
1 0.26562500989530236 0.014457831624895334 0.05048077111132443 0.02891566324979067
1 0.3497596284141764 0.01927710883319378 0.04567307862453163 0.03855421766638756
1 0.40384616889059544 0.02048192813526839 0.043269232381135225 0.04096385627053678
1 0.9675481129670516 0.03012048255186528 0.03125000116415322 0.045783133478835225
1 0.6850961793679744 0.024096386041492224 0.03365384740754962 0.04819277208298445
1 0.7211538730189204 0.022891566739417613 0.03365384740754962 0.045783133478835225
