1 0.8906250331783667 0.3650602485286072 0.09375000349245965 0.09397590556181967
1 0.12379808153491467 0.32771085016429424 0.12259615841321647 0.130120484624058
1 0.42067309259437025 0.43493976804893464 0.06730769481509924 0.08915662835352123
1 0.730769257992506 0.4204819364240393 0.057692309841513634 0.0746987967286259
1 0.1694711601594463 0.43493976804893464 0.05528846359811723 0.06987951952032745
1 0.3064903960330412 0.43734940665308386 0.04567307862453163 0.065060242312029
1 0.3437500128056854 0.44819278037175536 0.03365384740754962 0.04819277208298445
1 0.45673078624531627 0.4433735031634569 0.03365384740754962 0.05301204929128289
1 0.5168269423302263 0.4759036243194714 0.03846153989434242 0.05060241068713367
1 0.3810096295783296 0.45783133478835225 0.026442308677360415 0.04819277208298445
1 0.12259615841321647 0.036144579062238336 0.12500000465661287 0.07228915812447667
