0 0.12740385090000927 0.26506024645641446 0.10096154222264886 0.130120484624058
0 0.7500000279396772 0.2891566324979067 0.08173077227547765 0.10120482137426734
0 0.628605792648159 0.3578313327161595 0.05528846359811723 0.0746987967286259
0 0.8269231077283621 0.3650602485286072 0.05288461735472083 0.0746987967286259
0 0.34735578217078 0.31686747644562274 0.06971154105849564 0.0746987967286259
0 0.5456730972509831 0.34939759760163724 0.06250000232830644 0.07228915812447667
0 0.2956730879377574 0.34819277829956263 0.057692309841513634 0.07951807393692434
0 0.43870193941984326 0.36987952573690563 0.05528846359811723 0.0746987967286259
0 0.4987980955047533 0.3891566345700994 0.05048077111132443 0.06024096510373056
0 0.12740385090000927 0.06746988091617823 0.10096154222264886 0.130120484624058
0 0.7512019510613754 0.04819277208298445 0.08413461851887405 0.0963855441659689
0 0.6274038695264608 0.007228915812447667 0.057692309841513634 0.014457831624895334
0 0.3461538590490818 0.027710843947716057 0.07211538730189204 0.055421687895432115
0 0.5468750203726813 0.0108433737186715 0.06490384857170284 0.021686747437343
0 0.2968750110594556 0.013253012322820723 0.060096156084910035 0.026506024645641446
