0 0.42427886195946485 0.28433735528960824 0.11298077343963087 0.11566265299916267
0 0.5024038648698479 0.31566265714354813 0.1538461595773697 0.14457831624895334
0 0.957932727993466 0.31566265714354813 0.060096156084910035 0.06746988091617823
0 0.748798104817979 0.30843374133110046 0.06490384857170284 0.06746988091617823
0 0.8533654164057225 0.4000000082887709 0.057692309841513634 0.06265060370787978
0 0.7031250261934474 0.35060241690371186 0.07451923354528844 0.07951807393692434
1 0.7500000279396772 0.20240964274853468 0.04807692486792803 0.06265060370787978
1 0.6394231007434428 0.21807229367550462 0.043269232381135225 0.055421687895432115
1 0.5709134828066453 0.2156626550713554 0.060096156084910035 0.06024096510373056
1 0.2968750110594556 0.2879518131958321 0.05048077111132443 0.06024096510373056
1 0.3329327047104016 0.2144578357692808 0.05528846359811723 0.06265060370787978
1 0.4903846336528659 0.2156626550713554 0.05288461735472083 0.06024096510373056
1 0.1887019301066175 0.20120482344646007 0.040865386137738824 0.055421687895432115
