0 0.28004808735568076 0.2891566324979067 0.060096156084910035 0.07710843533277512
0 0.7596154129132628 0.34819277829956263 0.11538461968302727 0.13253012322820723
0 0.44711540127173066 0.3638554292265326 0.11057692719623446 0.1493975934572518
0 0.10576923470944166 0.3542168748099357 0.10576923470944166 0.12530120741575956
0 0.21514423878397793 0.3855421766638756 0.11298077343963087 0.130120484624058
0 0.5216346348170191 0.2144578357692808 0.06250000232830644 0.04819277208298445
1 0.5588942515896633 0.35903615201823413 0.07932692603208125 0.09156626695767045
0 0.28004808735568076 0.09156626695767045 0.060096156084910035 0.07710843533277512
0 0.760817336034961 0.05060241068713367 0.11778846592642367 0.10120482137426734
0 0.44831732439342886 0.046987952780909836 0.11298077343963087 0.09397590556181967
0 0.10697115783113986 0.045783133478835225 0.10817308095283806 0.09156626695767045
0 0.21394231566227973 0.03132530185393989 0.11538461968302727 0.06265060370787978
0 0.5216346348170191 0.16626506368629634 0.06250000232830644 0.04819277208298445
1 0.5576923284679651 0.034939759760163724 0.08173077227547765 0.06987951952032745
