1 0.46394232497550547 0.3120481992373243 0.06730769481509924 0.08433735114522278
1 0.3028846266679466 0.30843374133110046 0.07211538730189204 0.09156626695767045
1 0.69471156434156 0.30481928342487663 0.07211538730189204 0.08433735114522278
1 0.1742788526462391 0.3000000062165782 0.07932692603208125 0.09397590556181967
1 0.10216346534434706 0.3337349466746673 0.06490384857170284 0.0746987967286259
1 0.8653846476227045 0.3144578378414735 0.057692309841513634 0.08433735114522278
1 0.8425481083104387 0.30722892202902585 0.05048077111132443 0.07951807393692434
1 0.3762019370915368 0.3457831396954134 0.04567307862453163 0.0746987967286259
1 0.22235577751416713 0.35060241690371186 0.03605769365094602 0.04096385627053678
1 0.43028847756795585 0.33975904318504035 0.03365384740754962 0.05783132649958134
1 0.5889423296321183 0.30602410272695124 0.05288461735472083 0.07228915812447667
1 0.63461540825665 0.3108433799352497 0.043269232381135225 0.05783132649958134
1 0.7956731065642089 0.325301211560145 0.03365384740754962 0.04819277208298445
1 0.05528846359811723 0.3433735010912642 0.03365384740754962 0.06987951952032745
1 0.46514424809720367 0.0325301211560145 0.06971154105849564 0.065060242312029
1 0.3040865497896448 0.036144579062238336 0.07451923354528844 0.07228915812447667
1 0.6959134874632582 0.036144579062238336 0.07451923354528844 0.07228915812447667
1 0.1730769295245409 0.04096385627053678 0.08173077227547765 0.08192771254107356
1 0.10096154222264886 0.01927710883319378 0.06730769481509924 0.03855421766638756
1 0.8665865707444027 0.03132530185393989 0.060096156084910035 0.06265060370787978
1 0.8413461851887405 0.03373494045808911 0.05288461735472083 0.06746988091617823
1 0.3750000139698386 0.013253012322820723 0.04807692486792803 0.026506024645641446
1 0.43149040068965405 0.012048193020746112 0.03605769365094602 0.024096386041492224
1 0.5901442527538165 0.0325301211560145 0.05528846359811723 0.065060242312029
1 0.6358173313783482 0.026506024645641446 0.04567307862453163 0.05301204929128289
1 0.7968750296859071 0.016867470229044557 0.03605769365094602 0.03373494045808911
1 0.05649038671981543 0.013253012322820723 0.03605769365094602 0.026506024645641446
