0 0.41586540010757744 0.26442308677360415 0.1634615445509553 0.1634615445509553
0 0.4927884798962623 0.43870193941984326 0.08173077227547765 0.09375000349245965
0 0.1730769295245409 0.43028847756795585 0.07692307978868484 0.11057692719623446
0 0.021634616190567613 0.3737980908481404 0.043269232381135225 0.08894231100566685
0 0.5649038671981543 0.44471155502833426 0.057692309841513634 0.06250000232830644
0 0.5012019417481497 0.3509615515358746 0.03125000116415322 0.03846153989434242
0 0.598557714605704 0.42067309259437025 0.043269232381135225 0.03846153989434242
0 0.7295673348708078 0.40985578449908644 0.03125000116415322 0.03605769365094602
0 0.8413461851887405 0.3629807827528566 0.024038462433964014 0.03365384740754962
0 0.6862981024896726 0.39182693767361343 0.03125000116415322 0.03365384740754962
0 0.7379807967226952 0.3701923214830458 0.024038462433964014 0.03365384740754962
0 0.5961538683623075 0.3521634746575728 0.03365384740754962 0.03605769365094602
0 0.712740411167033 0.3545673209009692 0.021634616190567613 0.03605769365094602
0 0.41706732322927564 0.07572115666698664 0.1658653907943517 0.1514423133339733
