0 0.20072116132359952 0.3891566345700994 0.14182692836038768 0.18072289531119168
0 0.27163462550379336 0.44578314176760614 0.07211538730189204 0.08192771254107356
0 0.3605769365094602 0.4180722978198901 0.10096154222264886 0.09879518277011812
0 0.43629809317644686 0.43734940665308386 0.040865386137738824 0.055421687895432115
0 0.4819711718009785 0.4289156715385616 0.05528846359811723 0.06265060370787978
0 0.5372596353990957 0.4313253101427108 0.06490384857170284 0.086746989749372
0 0.7764423366170377 0.42530121363233775 0.057692309841513634 0.07951807393692434
0 0.7512019510613754 0.43493976804893464 0.03605769365094602 0.05060241068713367
0 0.8269231077283621 0.3855421766638756 0.09615384973585606 0.12530120741575956
0 0.9026442643953487 0.3891566345700994 0.07451923354528844 0.10361445997841656
0 0.9362981118028983 0.41686747851781547 0.03605769365094602 0.05783132649958134
0 0.19951923820190132 0.07108433882240206 0.14423077460378408 0.14216867764480412
0 0.27283654862549156 0.018072289531119168 0.07451923354528844 0.036144579062238336
0 0.3617788596311584 0.036144579062238336 0.10336538846604526 0.07228915812447667
0 0.43509617005474865 0.015662650926969945 0.043269232381135225 0.03132530185393989
0 0.4807692486792803 0.021686747437343 0.057692309841513634 0.043373494874686
0 0.5360577122773975 0.026506024645641446 0.06730769481509924 0.05301204929128289
0 0.7776442597387359 0.027710843947716057 0.060096156084910035 0.055421687895432115
0 0.7500000279396772 0.015662650926969945 0.03846153989434242 0.03132530185393989
0 0.8281250308500603 0.05903614580165595 0.09855769597925246 0.1180722916033119
0 0.9014423412736505 0.05180722998920828 0.07692307978868484 0.10361445997841656
0 0.9350961886812001 0.026506024645641446 0.03846153989434242 0.05301204929128289
