0 0.7932692603208125 0.40985578449908644 0.12980769714340568 0.14663462084718049
0 0.3737980908481404 0.3545673209009692 0.03125000116415322 0.03605769365094602
0 0.5264423273038119 0.40264424576889724 0.024038462433964014 0.03125000116415322
0 0.4663461712189019 0.39302886079531163 0.01923076994717121 0.021634616190567613
0 0.42187501571606845 0.39302886079531163 0.021634616190567613 0.021634616190567613
2 0.7968750296859071 0.5853365602670237 0.1514423133339733 0.4975961723830551
2 0.3786057833349332 0.41826924635097384 0.05528846359811723 0.1778846220113337
2 0.5204327116953209 0.44831732439342886 0.05048077111132443 0.11778846592642367
2 0.46153847873210907 0.42668270820286125 0.03846153989434242 0.09375000349245965
2 0.41706732322927564 0.42908655444625765 0.03125000116415322 0.09375000349245965
2 0.7956731065642089 0.9182692649774253 0.1538461595773697 0.1586538520641625
