0 0.4687500174622983 0.4072289241012186 0.057692309841513634 0.086746989749372
0 0.8882211869349703 0.4542168768821284 0.05528846359811723 0.06987951952032745
0 0.7680288747651502 0.44819278037175536 0.05528846359811723 0.05783132649958134
1 0.6021634839707986 0.40481928549706936 0.06971154105849564 0.0963855441659689
1 0.1586538520641625 0.4084337434032932 0.08173077227547765 0.09397590556181967
1 0.3497596284141764 0.4325301294447854 0.06971154105849564 0.09397590556181967
1 0.40865386137738824 0.44698796106968075 0.043269232381135225 0.06024096510373056
1 0.21153846941888332 0.4397590452572331 0.04807692486792803 0.06987951952032745
1 0.26442308677360415 0.4518072382779792 0.03846153989434242 0.045783133478835225
1 0.5384615585207939 0.44578314176760614 0.03846153989434242 0.05301204929128289
0 0.6790865637594834 0.4518072382779792 0.05048077111132443 0.06987951952032745
