0 0.10456731158774346 0.3012048255186528 0.09375000349245965 0.11566265299916267
0 0.4855769411660731 0.3578313327161595 0.04807692486792803 0.06987951952032745
0 0.7692307978868484 0.3240963922580704 0.057692309841513634 0.06987951952032745
0 0.3701923214830458 0.3457831396954134 0.057692309841513634 0.06987951952032745
0 0.6009615608491004 0.35060241690371186 0.04807692486792803 0.06024096510373056
0 0.6935096412198618 0.3566265134140849 0.040865386137738824 0.05783132649958134
0 0.10336538846604526 0.045783133478835225 0.09615384973585606 0.09156626695767045
0 0.7704327210085467 0.022891566739417613 0.060096156084910035 0.045783133478835225
0 0.371394244604744 0.012048193020746112 0.060096156084910035 0.024096386041492224
0 0.6021634839707986 0.007228915812447667 0.05048077111132443 0.014457831624895334
