1 0.11778846592642367 0.5829327140236273 0.1538461595773697 0.1802884682547301
1 0.41706732322927564 0.63461540825665 0.1850961607415229 0.20673077693209052
1 0.028846154920756817 0.45072117063682526 0.05288461735472083 0.10817308095283806
1 0.027644231799058616 0.3822115527000278 0.05048077111132443 0.08173077227547765
1 0.1586538520641625 0.3798077064566314 0.07692307978868484 0.07692307978868484
1 0.3004807804245502 0.3641827058745548 0.06250000232830644 0.07451923354528844
1 0.5769230984151363 0.40504809201229364 0.06730769481509924 0.08894231100566685
1 0.7175481036538258 0.40625001513399184 0.08413461851887405 0.10576923470944166
1 0.8545673395274207 0.5877404065104201 0.1754807757679373 0.1754807757679373
1 0.9038461875170469 0.45673078624531627 0.11057692719623446 0.12500000465661287
