0 0.09855769597925246 0.3341346278320998 0.10096154222264886 0.12019231216982007
0 0.5504807897377759 0.39783655328210443 0.11057692719623446 0.14182692836038768
0 0.760817336034961 0.39302886079531163 0.09855769597925246 0.13701923587359488
0 0.42548078508116305 0.3521634746575728 0.10096154222264886 0.13221154338680208
0 0.9411058042896912 0.3521634746575728 0.10817308095283806 0.13701923587359488
0 0.317307704128325 0.3762019370915368 0.12019231216982007 0.1610576983075589
0 0.23317308560945094 0.3798077064566314 0.09615384973585606 0.12500000465661287
0 0.5793269446585327 0.3269230891019106 0.08653846476227045 0.09134615724906325
0 0.6911057949764654 0.3197115503717214 0.07451923354528844 0.07692307978868484
0 0.27403847174718976 0.29086539545096457 0.08173077227547765 0.07211538730189204
