0 0.1550480826990679 0.3578313327161595 0.06490384857170284 0.07951807393692434
0 0.45673078624531627 0.38313253805972636 0.057692309841513634 0.06746988091617823
0 0.2968750110594556 0.3771084415493533 0.05528846359811723 0.0746987967286259
0 0.22956731624435633 0.37108434503898025 0.05528846359811723 0.06746988091617823
0 0.8076923377811909 0.33734940458089113 0.10096154222264886 0.11084337579086423
0 0.3822115527000278 0.39277109247632325 0.04807692486792803 0.06265060370787978
0 0.5276442504255101 0.3879518152680248 0.05048077111132443 0.06746988091617823
0 0.6201923307962716 0.40240964689292014 0.04807692486792803 0.04819277208298445
0 0.3545673209009692 0.3662650678306818 0.04567307862453163 0.05301204929128289
0 0.11538461968302727 0.3674698871327564 0.028846154920756817 0.06024096510373056
0 0.1550480826990679 0.08795180905144662 0.06490384857170284 0.07951807393692434
0 0.45673078624531627 0.06024096510373056 0.057692309841513634 0.06746988091617823
0 0.2968750110594556 0.06867470021825284 0.05528846359811723 0.0746987967286259
0 0.22956731624435633 0.07228915812447667 0.05528846359811723 0.06746988091617823
0 0.8076923377811909 0.10602409858256578 0.10096154222264886 0.11084337579086423
0 0.3822115527000278 0.05060241068713367 0.04807692486792803 0.06265060370787978
0 0.5276442504255101 0.055421687895432115 0.05048077111132443 0.06746988091617823
0 0.6201923307962716 0.04096385627053678 0.04807692486792803 0.04819277208298445
0 0.3545673209009692 0.07710843533277512 0.04567307862453163 0.05301204929128289
0 0.11538461968302727 0.07831325463484973 0.028846154920756817 0.06024096510373056
