1 0.4675480943406001 0.3040865497896448 0.07451923354528844 0.08413461851887405
1 0.39182693767361343 0.317307704128325 0.07211538730189204 0.09615384973585606
1 0.730769257992506 0.3701923214830458 0.06730769481509924 0.08173077227547765
1 0.8834134944481775 0.3341346278320998 0.06971154105849564 0.10096154222264886
1 0.21394231566227973 0.3365384740754962 0.06730769481509924 0.09134615724906325
1 0.07812500291038305 0.3064903960330412 0.06490384857170284 0.08413461851887405
1 0.616586561431177 0.3161057810066268 0.07451923354528844 0.09855769597925246
1 0.26562500989530236 0.3076923191547394 0.05528846359811723 0.08173077227547765
1 0.6742788712726906 0.3317307815887034 0.040865386137738824 0.057692309841513634
1 0.8173077227547765 0.311298088519834 0.05288461735472083 0.06490384857170284
1 0.9843750366708264 0.3329327047104016 0.026442308677360415 0.06490384857170284
1 0.4663461712189019 0.012019231216982007 0.07692307978868484 0.024038462433964014
1 0.07692307978868484 0.010817308095283806 0.06730769481509924 0.021634616190567613
1 0.6153846383094788 0.009615384973585606 0.07692307978868484 0.01923076994717121
1 0.26442308677360415 0.009615384973585606 0.057692309841513634 0.01923076994717121
