0 0.7103365649236366 0.3108433799352497 0.06490384857170284 0.08192771254107356
1 0.8389423389453441 0.3132530185393989 0.06730769481509924 0.07710843533277512
1 0.46514424809720367 0.3240963922580704 0.06490384857170284 0.07951807393692434
1 0.3064903960330412 0.30843374133110046 0.06490384857170284 0.086746989749372
1 0.6201923307962716 0.33734940458089113 0.057692309841513634 0.06746988091617823
1 0.13461538963019848 0.29638554831035435 0.07211538730189204 0.08192771254107356
1 0.353365397779271 0.3120481992373243 0.057692309841513634 0.08433735114522278
1 0.22115385439246893 0.3313253080705181 0.043269232381135225 0.055421687895432115
1 0.06850961793679744 0.35060241690371186 0.04567307862453163 0.06987951952032745
0 0.7091346418019384 0.0325301211560145 0.06730769481509924 0.065060242312029
1 0.8401442620670423 0.03012048255186528 0.06971154105849564 0.06024096510373056
1 0.46394232497550547 0.025301205343566835 0.06730769481509924 0.05060241068713367
1 0.305288472911343 0.034939759760163724 0.06730769481509924 0.06987951952032745
1 0.6213942539179698 0.015662650926969945 0.060096156084910035 0.03132530185393989
1 0.13581731275189668 0.03975903696846217 0.07451923354528844 0.07951807393692434
1 0.3545673209009692 0.0325301211560145 0.060096156084910035 0.065060242312029
1 0.22235577751416713 0.015662650926969945 0.04567307862453163 0.03132530185393989
1 0.06730769481509924 0.00963855441659689 0.04807692486792803 0.01927710883319378
