0 0.4699519405839965 0.29086539545096457 0.07451923354528844 0.09134615724906325
0 0.5721154059283435 0.27764424111228436 0.06730769481509924 0.08413461851887405
0 0.6177884845528752 0.3461538590490818 0.08173077227547765 0.09615384973585606
0 0.305288472911343 0.24879808619152755 0.11057692719623446 0.11298077343963087
0 0.5168269423302263 0.23557693185284734 0.05288461735472083 0.07692307978868484
0 0.1935096225934103 0.26081731740850955 0.08413461851887405 0.11778846592642367
0 0.41105770762078464 0.25120193243492395 0.05288461735472083 0.07451923354528844
0 0.03966346301604062 0.20913462317548692 0.05048077111132443 0.06730769481509924
0 0.13341346650850028 0.26081731740850955 0.05048077111132443 0.08413461851887405
1 0.9471154198981822 0.3016827035462484 0.09615384973585606 0.11778846592642367
1 0.8858173406915739 0.3762019370915368 0.13221154338680208 0.13701923587359488
0 0.4687500174622983 0.044471155502833426 0.07692307978868484 0.08894231100566685
0 0.5721154059283435 0.05649038671981543 0.06730769481509924 0.08413461851887405
0 0.6189904076745734 0.01802884682547301 0.08413461851887405 0.03605769365094602
0 0.305288472911343 0.08533654164057225 0.11057692719623446 0.11298077343963087
0 0.5168269423302263 0.09615384973585606 0.05288461735472083 0.07692307978868484
0 0.1935096225934103 0.07331731042359024 0.08413461851887405 0.11778846592642367
0 0.41105770762078464 0.08293269539717585 0.05288461735472083 0.07451923354528844
0 0.03966346301604062 0.12259615841321647 0.05048077111132443 0.06730769481509924
0 0.13341346650850028 0.07331731042359024 0.05048077111132443 0.08413461851887405
1 0.9483173430198804 0.04567307862453163 0.09855769597925246 0.09134615724906325
