0 0.12500000465661287 0.2956730879377574 0.12980769714340568 0.1682692370377481
0 0.22836539312265813 0.3257211659802124 0.08173077227547765 0.10336538846604526
0 0.040865386137738824 0.28846154920756817 0.07692307978868484 0.12500000465661287
1 0.5685096365632489 0.3076923191547394 0.13701923587359488 0.1538461595773697
1 0.6850961793679744 0.25360577867832035 0.11057692719623446 0.12740385090000927
1 0.8485577239189297 0.3557692440226674 0.057692309841513634 0.08173077227547765
1 0.8954327256651595 0.3557692440226674 0.04567307862453163 0.057692309841513634
1 0.9711538823321462 0.3221153966151178 0.04807692486792803 0.10576923470944166
0 0.12620192777831107 0.07812500291038305 0.13221154338680208 0.1562500058207661
0 0.22956731624435633 0.04687500174622983 0.08413461851887405 0.09375000349245965
0 0.040865386137738824 0.07692307978868484 0.07692307978868484 0.12500000465661287
1 0.5673077134415507 0.06850961793679744 0.13942308211699128 0.13701923587359488
1 0.6850961793679744 0.11418269656132907 0.11057692719623446 0.12740385090000927
1 0.8497596470406279 0.026442308677360415 0.060096156084910035 0.05288461735472083
1 0.8942308025434613 0.020432693068869412 0.04807692486792803 0.040865386137738824
1 0.9723558054538444 0.04927884798962623 0.05048077111132443 0.09855769597925246
