0 0.46394232497550547 0.4650602506007999 0.028846154920756817 0.03855421766638756
0 0.14302885148208588 0.44457832246553153 0.05528846359811723 0.06987951952032745
0 0.08653846476227045 0.4638554312987253 0.028846154920756817 0.03132530185393989
0 0.1850961607415229 0.4626506119966507 0.028846154920756817 0.04819277208298445
0 0.28004808735568076 0.4301204908406362 0.05048077111132443 0.0746987967286259
0 0.3557692440226674 0.47951808222569525 0.03846153989434242 0.05783132649958134
0 0.3858173220651224 0.4602409733925015 0.026442308677360415 0.03373494045808911
0 0.5192307885736227 0.46867470850702375 0.028846154920756817 0.04096385627053678
0 0.5552884822245687 0.44578314176760614 0.04807692486792803 0.06746988091617823
0 0.652644255082123 0.46987952780909836 0.03605769365094602 0.05301204929128289
0 0.7512019510613754 0.43855422595515847 0.05048077111132443 0.06265060370787978
0 0.8653846476227045 0.4614457926945761 0.05288461735472083 0.06987951952032745
