0 0.08052884915377945 0.6530120617244393 0.12259615841321647 0.12530120741575956
0 0.43028847756795585 0.6168674826622009 0.09615384973585606 0.10602409858256578
0 0.20072116132359952 0.36144579062238336 0.040865386137738824 0.03855421766638756
0 0.42067309259437025 0.5036144682671875 0.04807692486792803 0.043373494874686
0 0.5300480966689065 0.3987951889866963 0.04567307862453163 0.045783133478835225
0 0.45192309375852346 0.390361453872174 0.03846153989434242 0.03373494045808911
0 0.1538461595773697 0.3337349466746673 0.03846153989434242 0.03132530185393989
0 0.1862980838632211 0.3108433799352497 0.026442308677360415 0.03373494045808911
0 0.5661057903198525 0.390361453872174 0.03125000116415322 0.03373494045808911
0 0.01562500058207661 0.2469879569252953 0.026442308677360415 0.055421687895432115
0 0.1706730832811445 0.22409639018587768 0.028846154920756817 0.024096386041492224
0 0.5276442504255101 0.33012048876844347 0.026442308677360415 0.024096386041492224
0 0.6177884845528752 0.40602410479914397 0.03846153989434242 0.04096385627053678
0 0.7716346441302449 0.4084337434032932 0.057692309841513634 0.055421687895432115
0 0.007211538730189204 0.3638554292265326 0.009615384973585606 0.05783132649958134
0 0.07932692603208125 0.9710843574721366 0.12500000465661287 0.05301204929128289
0 0.1550480826990679 0.013253012322820723 0.040865386137738824 0.026506024645641446
0 0.1862980838632211 0.03132530185393989 0.026442308677360415 0.03373494045808911
0 0.01562500058207661 0.0975903634680435 0.026442308677360415 0.055421687895432115
0 0.1706730832811445 0.1180722916033119 0.028846154920756817 0.024096386041492224
0 0.5276442504255101 0.012048193020746112 0.026442308677360415 0.024096386041492224
0 0.008413461851887405 0.004819277208298445 0.012019231216982007 0.00963855441659689
