0 0.75480772042647 0.3349397659767419 0.1490384670905769 0.15903614787384868
0 0.1850961607415229 0.41325302061159164 0.12980769714340568 0.15662650926969945
0 0.5733173290500417 0.4096385627053678 0.11778846592642367 0.14457831624895334
0 0.3497596284141764 0.4325301294447854 0.11298077343963087 0.14216867764480412
0 0.9074519568821415 0.3963855503825471 0.11778846592642367 0.108433737186715
0 0.75480772042647 0.14698795485310256 0.1490384670905769 0.15903614787384868
0 0.1862980838632211 0.0746987967286259 0.13221154338680208 0.1493975934572518
0 0.5733173290500417 0.07228915812447667 0.11778846592642367 0.14457831624895334
0 0.3485577052924782 0.06144578440580517 0.11538461968302727 0.12289156881161034
0 0.9074519568821415 0.08795180905144662 0.11778846592642367 0.108433737186715
