0 0.013221154338680208 0.4518072382779792 0.021634616190567613 0.06987951952032745
0 0.45793270936701447 0.4542168768821284 0.06490384857170284 0.08433735114522278
0 0.25961539428681135 0.4228915750281885 0.06730769481509924 0.08433735114522278
0 0.1514423133339733 0.44578314176760614 0.07211538730189204 0.08192771254107356
0 0.10096154222264886 0.43614458735100925 0.06250000232830644 0.07710843533277512
0 0.1790865451330319 0.4325301294447854 0.03605769365094602 0.065060242312029
0 0.3365384740754962 0.42409639433026314 0.07211538730189204 0.06746988091617823
0 0.377403860213235 0.43373494874686 0.043269232381135225 0.06746988091617823
0 0.5180288654519245 0.4421686838613823 0.05528846359811723 0.06987951952032745
0 0.5889423296321183 0.4518072382779792 0.07692307978868484 0.06987951952032745
0 0.646634639473632 0.43734940665308386 0.057692309841513634 0.06024096510373056
0 0.7115384880453348 0.44698796106968075 0.05288461735472083 0.0746987967286259
0 0.766826951643452 0.4626506119966507 0.057692309841513634 0.06265060370787978
0 0.8137019533896819 0.46626506990287453 0.04567307862453163 0.055421687895432115
0 0.8689904169877991 0.45542169618420303 0.05048077111132443 0.05783132649958134
0 0.9375000349245965 0.46987952780909836 0.057692309841513634 0.06746988091617823
0 0.9723558054538444 0.46987952780909836 0.026442308677360415 0.05301204929128289
