1 0.25841347116511315 0.3361445852788165 0.06490384857170284 0.0746987967286259
1 0.7091346418019384 0.31927711504977196 0.06250000232830644 0.06987951952032745
1 0.19591346883680671 0.3566265134140849 0.06971154105849564 0.08192771254107356
1 0.6093750227009878 0.31566265714354813 0.06490384857170284 0.086746989749372
1 0.5036057879915461 0.2783132587792352 0.05528846359811723 0.0746987967286259
1 0.8810096482047811 0.325301211560145 0.06971154105849564 0.09156626695767045
1 0.08173077227547765 0.3313253080705181 0.057692309841513634 0.0746987967286259
1 0.8437500314321369 0.28554217459168285 0.05288461735472083 0.06987951952032745
1 0.377403860213235 0.3325301273725927 0.05288461735472083 0.07228915812447667
1 0.43269232381135225 0.3337349466746673 0.04807692486792803 0.06024096510373056
1 0.2956730879377574 0.35180723620578647 0.028846154920756817 0.05783132649958134
1 0.25721154804341495 0.013253012322820723 0.06730769481509924 0.026506024645641446
1 0.7103365649236366 0.02048192813526839 0.06490384857170284 0.04096385627053678
1 0.6081730995792896 0.026506024645641446 0.06730769481509924 0.05301204929128289
1 0.5036057879915461 0.046987952780909836 0.05528846359811723 0.0746987967286259
1 0.8798077250830829 0.022891566739417613 0.07211538730189204 0.045783133478835225
1 0.08293269539717585 0.015662650926969945 0.060096156084910035 0.03132530185393989
1 0.8437500314321369 0.03975903696846217 0.05288461735472083 0.06987951952032745
1 0.3786057833349332 0.014457831624895334 0.05528846359811723 0.02891566324979067
1 0.43389424693305045 0.0108433737186715 0.05048077111132443 0.021686747437343
