0 0.41225963074248284 0.25961539428681135 0.06490384857170284 0.11057692719623446
0 0.7079327186802402 0.28605770296417177 0.12259615841321647 0.1682692370377481
0 0.4759615561924875 0.29086539545096457 0.06730769481509924 0.08653846476227045
0 0.8846154175698757 0.3088942422764376 0.09615384973585606 0.12740385090000927
0 0.21875000814907253 0.3149038578849286 0.12500000465661287 0.1586538520641625
0 0.10456731158774346 0.27644231799058616 0.08413461851887405 0.11538461968302727
0 0.3425480896839872 0.28846154920756817 0.08894231100566685 0.11538461968302727
0 0.5913461758755147 0.3125000116415322 0.04807692486792803 0.07211538730189204
0 0.5168269423302263 0.305288472911343 0.024038462433964014 0.08173077227547765
0 0.28125001047737896 0.3004807804245502 0.05288461735472083 0.09134615724906325
0 0.025240385555662215 0.3088942422764376 0.040865386137738824 0.11298077343963087
0 0.5468750203726813 0.3281250122236088 0.03125000116415322 0.060096156084910035
0 0.8257211846066639 0.317307704128325 0.04567307862453163 0.057692309841513634
0 0.41105770762078464 0.04807692486792803 0.06730769481509924 0.09615384973585606
0 0.706730795558542 0.04927884798962623 0.12500000465661287 0.09855769597925246
0 0.4771634793141857 0.026442308677360415 0.06971154105849564 0.05288461735472083
0 0.8858173406915739 0.027644231799058616 0.09855769597925246 0.05528846359811723
0 0.21995193127077073 0.03245192428585142 0.12740385090000927 0.06490384857170284
0 0.10336538846604526 0.040865386137738824 0.08653846476227045 0.08173077227547765
0 0.341346166562289 0.03485577052924782 0.09134615724906325 0.06971154105849564
0 0.592548098997213 0.012019231216982007 0.05048077111132443 0.024038462433964014
0 0.5180288654519245 0.01802884682547301 0.026442308677360415 0.03605769365094602
0 0.28245193359907717 0.022836539312265813 0.05528846359811723 0.04567307862453163
0 0.024038462433964014 0.024038462433964014 0.043269232381135225 0.04807692486792803
0 0.8245192614849657 0.0060096156084910035 0.04807692486792803 0.012019231216982007
