0 0.7079327186802402 0.39062501455191523 0.07451923354528844 0.08894231100566685
0 0.27283654862549156 0.39302886079531163 0.07451923354528844 0.09375000349245965
0 0.3882211683085188 0.3822115527000278 0.09375000349245965 0.11057692719623446
0 0.10697115783113986 0.3028846266679466 0.10817308095283806 0.1538461595773697
0 0.6189904076745734 0.39543270703870803 0.06971154105849564 0.08413461851887405
0 0.4903846336528659 0.3882211683085188 0.06250000232830644 0.06971154105849564
0 0.939903881167993 0.40384616889059544 0.057692309841513634 0.07692307978868484
0 0.8737981094745919 0.41586540010757744 0.06971154105849564 0.07211538730189204
0 0.7656250285217538 0.41225963074248284 0.04567307862453163 0.060096156084910035
0 0.5228365579387173 0.39543270703870803 0.03125000116415322 0.05528846359811723
