1 0.7908654140774161 0.2987951869145036 0.07211538730189204 0.086746989749372
1 0.311298088519834 0.29397590970620513 0.06971154105849564 0.086746989749372
1 0.6213942539179698 0.3000000062165782 0.06971154105849564 0.07951807393692434
1 0.12740385090000927 0.3132530185393989 0.08173077227547765 0.0963855441659689
1 0.4903846336528659 0.2927710904041305 0.057692309841513634 0.06987951952032745
1 0.9146634956123307 0.29638554831035435 0.11778846592642367 0.12530120741575956
1 0.8701923401094973 0.2771084394771606 0.07211538730189204 0.10120482137426734
1 0.41947116947267205 0.325301211560145 0.05048077111132443 0.06265060370787978
1 0.7908654140774161 0.043373494874686 0.07211538730189204 0.086746989749372
1 0.311298088519834 0.04819277208298445 0.06971154105849564 0.086746989749372
1 0.6213942539179698 0.044578314176760614 0.06971154105849564 0.07951807393692434
1 0.12860577402170748 0.03975903696846217 0.08413461851887405 0.07951807393692434
1 0.4903846336528659 0.05180722998920828 0.057692309841513634 0.06987951952032745
1 0.9134615724906325 0.055421687895432115 0.12019231216982007 0.11084337579086423
1 0.8701923401094973 0.065060242312029 0.07211538730189204 0.10120482137426734
1 0.41826924635097384 0.025301205343566835 0.05288461735472083 0.05060241068713367
