1 0.5456730972509831 0.3578313327161595 0.057692309841513634 0.0746987967286259
1 0.323317319736816 0.3891566345700994 0.06490384857170284 0.08433735114522278
1 0.6875000256113708 0.3987951889866963 0.057692309841513634 0.06987951952032745
1 0.8016827221726999 0.41686747851781547 0.05048077111132443 0.06265060370787978
1 0.377403860213235 0.4012048275908455 0.043269232381135225 0.06024096510373056
1 0.44230770878493786 0.4072289241012186 0.03365384740754962 0.03855421766638756
1 0.616586561431177 0.412048201309517 0.021634616190567613 0.03373494045808911
1 0.8557692626491189 0.40602410479914397 0.01923076994717121 0.026506024645641446
1 0.9050481106387451 0.4216867557261139 0.021634616190567613 0.02891566324979067
1 0.5468750203726813 0.007228915812447667 0.060096156084910035 0.014457831624895334
