0 0.9146634956123307 0.3497596284141764 0.11298077343963087 0.14182692836038768
0 0.05168269423302263 0.39663463016040623 0.08413461851887405 0.09134615724906325
0 0.63461540825665 0.3798077064566314 0.05288461735472083 0.09134615724906325
0 0.748798104817979 0.39182693767361343 0.05528846359811723 0.08653846476227045
0 0.305288472911343 0.39783655328210443 0.05288461735472083 0.06971154105849564
0 0.21634616190567613 0.39783655328210443 0.04807692486792803 0.06971154105849564
1 0.1742788526462391 0.3798077064566314 0.05048077111132443 0.06730769481509924
1 0.8016827221726999 0.383413475821726 0.05528846359811723 0.08894231100566685
1 0.44350963190663606 0.41105770762078464 0.04567307862453163 0.07211538730189204
1 0.5552884822245687 0.40024039952550083 0.043269232381135225 0.07451923354528844
1 0.5000000186264515 0.383413475821726 0.03846153989434242 0.06490384857170284
0 0.25240385555662215 0.3605769365094602 0.03365384740754962 0.04807692486792803
1 0.39903847640380263 0.39302886079531163 0.043269232381135225 0.06490384857170284
