0 0.730769257992506 0.6298077157698572 0.057692309841513634 0.07211538730189204
0 0.5600961747113615 0.5060096342349425 0.03846153989434242 0.05048077111132443
0 0.6153846383094788 0.4867788642877713 0.03846153989434242 0.04567307862453163
1 0.03125000116415322 0.6358173313783482 0.043269232381135225 0.04567307862453163
1 0.12379808153491467 0.6334134851349518 0.04567307862453163 0.05048077111132443
1 0.1947115457151085 0.5841346371453255 0.043269232381135225 0.043269232381135225
1 0.40985578449908644 0.3858173220651224 0.026442308677360415 0.026442308677360415
1 0.3750000139698386 0.5348557891556993 0.03365384740754962 0.03605769365094602
1 0.8281250308500603 0.4759615561924875 0.03605769365094602 0.03846153989434242
1 0.25240385555662215 0.5480769434943795 0.03365384740754962 0.03365384740754962
1 0.21514423878397793 0.5312500197906047 0.03605769365094602 0.03846153989434242
1 0.3209134734934196 0.5396634816424921 0.03605769365094602 0.040865386137738824
1 0.28485577984247357 0.5084134804783389 0.040865386137738824 0.03605769365094602
1 0.42427886195946485 0.5144230960868299 0.040865386137738824 0.03365384740754962
1 0.3870192451868206 0.4843750180443749 0.03846153989434242 0.040865386137738824
1 0.45192309375852346 0.46153847873210907 0.03365384740754962 0.03365384740754962
1 0.5625000209547579 0.42788463132455945 0.03365384740754962 0.03846153989434242
1 0.6622596400557086 0.39903847640380263 0.03125000116415322 0.03365384740754962
1 0.3401442434405908 0.5156250192085281 0.03125000116415322 0.040865386137738824
1 0.19951923820190132 0.3569711671443656 0.024038462433964014 0.03125000116415322
