0 0.7848557984689251 0.39062501455191523 0.07451923354528844 0.08413461851887405
0 0.1911057763500139 0.41225963074248284 0.14182692836038768 0.1610576983075589
0 0.7043269493151456 0.44951924751512706 0.07692307978868484 0.09134615724906325
0 0.4675480943406001 0.43509617005474865 0.060096156084910035 0.07692307978868484
0 0.39663463016040623 0.43870193941984326 0.057692309841513634 0.08894231100566685
0 0.5432692510075867 0.40985578449908644 0.06250000232830644 0.08894231100566685
0 0.29326924169436097 0.43028847756795585 0.07692307978868484 0.10096154222264886
0 0.03966346301604062 0.3858173220651224 0.05528846359811723 0.06490384857170284
0 0.5709134828066453 0.42908655444625765 0.06490384857170284 0.09375000349245965
0 0.3269230891019106 0.40865386137738824 0.043269232381135225 0.07692307978868484
0 0.5649038671981543 0.42548078508116305 0.08173077227547765 0.10576923470944166
0 0.3557692440226674 0.42187501571606845 0.03365384740754962 0.07451923354528844
