0 0.13461538963019848 0.4397590452572331 0.06730769481509924 0.07951807393692434
1 0.4663461712189019 0.4301204908406362 0.07211538730189204 0.07951807393692434
1 0.26682693301700056 0.4228915750281885 0.057692309841513634 0.065060242312029
1 0.5276442504255101 0.42530121363233775 0.05528846359811723 0.06024096510373056
1 0.03725961677264422 0.4506024189759046 0.04567307862453163 0.05783132649958134
1 0.5913461758755147 0.4397590452572331 0.03846153989434242 0.05060241068713367
0 0.6418269469868392 0.43493976804893464 0.03846153989434242 0.06024096510373056
1 0.7716346441302449 0.4409638645593077 0.03365384740754962 0.04819277208298445
1 0.8064904146594927 0.44698796106968075 0.03605769365094602 0.04096385627053678
1 0.8257211846066639 0.4192771171219647 0.026442308677360415 0.03373494045808911
