0 0.26081731740850955 0.42788463132455945 0.05528846359811723 0.07692307978868484
0 0.4927884798962623 0.44110578566323966 0.043269232381135225 0.060096156084910035
1 0.20312500756699592 0.46274040185380727 0.06971154105849564 0.08413461851887405
1 0.700721179950051 0.43389424693305045 0.06490384857170284 0.08894231100566685
1 0.933894265559502 0.3858173220651224 0.12259615841321647 0.13701923587359488
1 0.592548098997213 0.44230770878493786 0.06490384857170284 0.07692307978868484
1 0.8293269539717585 0.43389424693305045 0.057692309841513634 0.07932692603208125
1 0.14062500523868948 0.45793270936701447 0.05528846359811723 0.06490384857170284
1 0.3858173220651224 0.46514424809720367 0.05048077111132443 0.06971154105849564
1 0.7560096435481682 0.44951924751512706 0.04567307862453163 0.057692309841513634
1 0.658653870690614 0.44350963190663606 0.03365384740754962 0.060096156084910035
1 0.08173077227547765 0.4783654024358839 0.043269232381135225 0.057692309841513634
1 0.3497596284141764 0.4867788642877713 0.04567307862453163 0.060096156084910035
1 0.42307693883776665 0.43389424693305045 0.03365384740754962 0.04567307862453163
1 0.44951924751512706 0.4723557868273929 0.043269232381135225 0.05048077111132443
1 0.7956731065642089 0.45432694000191987 0.03365384740754962 0.06250000232830644
1 0.5264423273038119 0.4723557868273929 0.03846153989434242 0.05048077111132443
