1 0.5204327116953209 0.353365397779271 0.07932692603208125 0.08653846476227045
1 0.8353365695802495 0.3509615515358746 0.06971154105849564 0.09134615724906325
1 0.2968750110594556 0.34735578217078 0.08413461851887405 0.09855769597925246
1 0.670673101907596 0.3497596284141764 0.06730769481509924 0.08894231100566685
1 0.1826923144981265 0.3605769365094602 0.09134615724906325 0.10576923470944166
1 0.10096154222264886 0.3305288584670052 0.09615384973585606 0.11778846592642367
1 0.5192307885736227 0.012019231216982007 0.08173077227547765 0.024038462433964014
1 0.8341346464585513 0.014423077460378408 0.07211538730189204 0.028846154920756817
1 0.2956730879377574 0.01802884682547301 0.08653846476227045 0.03605769365094602
1 0.6718750250292942 0.014423077460378408 0.06971154105849564 0.028846154920756817
1 0.1838942376198247 0.013221154338680208 0.09375000349245965 0.026442308677360415
1 0.10216346534434706 0.03125000116415322 0.09855769597925246 0.06250000232830644
