0 0.670673101907596 0.45662651548627764 0.12019231216982007 0.1180722916033119
0 0.7752404134953395 0.21084337786305696 0.13221154338680208 0.13253012322820723
0 0.6514423319604248 0.5710843491833657 0.10576923470944166 0.11566265299916267
0 0.688701948733069 0.7036144724115729 0.12740385090000927 0.130120484624058
0 0.6213942539179698 0.22771084809210151 0.12259615841321647 0.14216867764480412
2 0.23798077809624374 0.4975903717568144 0.45192309375852346 0.7060241110157222
2 0.6262019464047626 0.7542168830987066 0.27163462550379336 0.20240964274853468
2 0.6370192545000464 0.5927710966207087 0.22115385439246893 0.1493975934572518
2 0.7992788759293035 0.6277108563808724 0.3677884752396494 0.4409638645593077
2 0.5300480966689065 0.3096385606331751 0.305288472911343 0.3204819343518466
2 0.7235577192623168 0.27228916226886213 0.23076923936605453 0.260240969248116
0 0.1574519289424643 0.21325301646720618 0.24759616306982934 0.13734940043650568
0 0.7752404134953395 0.0759036160307005 0.13221154338680208 0.13253012322820723
0 0.6875000256113708 0.9734939960762858 0.12980769714340568 0.04819277208298445
0 0.6201923307962716 0.065060242312029 0.12500000465661287 0.130120484624058
2 0.23918270121794194 0.07108433882240206 0.45432694000191987 0.14216867764480412
2 0.6250000232830644 0.9301205012015998 0.27403847174718976 0.13493976183235645
2 0.7980769528076053 0.9337349591078237 0.3701923214830458 0.12771084601990879
2 0.5288461735472083 0.06867470021825284 0.3076923191547394 0.13734940043650568
2 0.724759642384015 0.07228915812447667 0.23317308560945094 0.14457831624895334
0 0.1574519289424643 0.07349397742655128 0.24759616306982934 0.13734940043650568
