0 0.8377404158236459 0.4192771171219647 0.07932692603208125 0.09156626695767045
0 0.19711539195850492 0.40240964689292014 0.07692307978868484 0.0963855441659689
0 0.40865386137738824 0.40361446619499475 0.057692309841513634 0.07951807393692434
0 0.5889423296321183 0.3975903696846217 0.07692307978868484 0.09156626695767045
0 0.730769257992506 0.42771085223648697 0.057692309841513634 0.06987951952032745
0 0.03365384740754962 0.4084337434032932 0.06730769481509924 0.12771084601990879
0 0.5132211729651317 0.4289156715385616 0.05528846359811723 0.06746988091617823
0 0.9675481129670516 0.44819278037175536 0.05048077111132443 0.05783132649958134
0 0.4723557868273929 0.4216867557261139 0.040865386137738824 0.06746988091617823
0 0.6790865637594834 0.44457832246553153 0.04567307862453163 0.06024096510373056
0 0.7776442597387359 0.44698796106968075 0.05048077111132443 0.06024096510373056
0 0.6298077157698572 0.43855422595515847 0.03365384740754962 0.05301204929128289
