0 0.7439904123311862 0.45072117063682526 0.13221154338680208 0.13701923587359488
0 0.3677884752396494 0.5024038648698479 0.12500000465661287 0.1586538520641625
0 0.26923077926039696 0.09855769597925246 0.04807692486792803 0.06730769481509924
0 0.42788463132455945 0.13341346650850028 0.06730769481509924 0.05528846359811723
0 0.43269232381135225 0.09254808037076145 0.05288461735472083 0.03125000116415322
2 0.25000000931322575 0.20312500756699592 0.1923076994717121 0.27163462550379336
2 0.3389423203188926 0.6862981024896726 0.3798077064566314 0.5216346348170191
2 0.700721179950051 0.6081730995792896 0.29086539545096457 0.45192309375852346
2 0.45312501688022166 0.21754808502737433 0.1514423133339733 0.20432693068869412
0 0.9591346511151642 0.44951924751512706 0.07692307978868484 0.13942308211699128
0 0.008413461851887405 0.09975961910095066 0.01682692370377481 0.06971154105849564
2 0.05408654047641903 0.20192308444529772 0.10817308095283806 0.27403847174718976
2 0.05649038671981543 0.6850961793679744 0.11298077343963087 0.5240384810604155
2 0.9411058042896912 0.6093750227009878 0.11298077343963087 0.45432694000191987
