0 0.12259615841321647 0.4084337434032932 0.06250000232830644 0.0746987967286259
0 0.7656250285217538 0.42409639433026314 0.05528846359811723 0.06746988091617823
0 0.46514424809720367 0.43493976804893464 0.05048077111132443 0.06024096510373056
0 0.6009615608491004 0.43855422595515847 0.05288461735472083 0.05783132649958134
0 0.3257211659802124 0.43614458735100925 0.05048077111132443 0.06265060370787978
0 0.26201924053020775 0.43373494874686 0.043269232381135225 0.05301204929128289
0 0.29206731857266277 0.43614458735100925 0.021634616190567613 0.04819277208298445
0 0.1718750064028427 0.45542169618420303 0.040865386137738824 0.04819277208298445
0 0.40865386137738824 0.4409638645593077 0.043269232381135225 0.05783132649958134
0 0.9254808037076145 0.4409638645593077 0.04807692486792803 0.05783132649958134
