0 0.706730795558542 0.43750001629814506 0.06730769481509924 0.10096154222264886
0 0.5913461758755147 0.46033655561041087 0.06250000232830644 0.08894231100566685
0 0.22355770063586533 0.42067309259437025 0.07211538730189204 0.09615384973585606
0 0.07211538730189204 0.46033655561041087 0.08173077227547765 0.09375000349245965
0 0.9122596493689343 0.44110578566323966 0.06971154105849564 0.09855769597925246
0 0.3269230891019106 0.42908655444625765 0.09134615724906325 0.10817308095283806
0 0.7644231054000556 0.45913463248871267 0.043269232381135225 0.08173077227547765
0 0.4891827105311677 0.44350963190663606 0.08894231100566685 0.11778846592642367
0 0.646634639473632 0.43269232381135225 0.05288461735472083 0.07692307978868484
0 0.5492788666160777 0.42427886195946485 0.05528846359811723 0.09375000349245965
0 0.7932692603208125 0.46033655561041087 0.03846153989434242 0.07451923354528844
