0 0.1826923144981265 0.5036144682671875 0.05288461735472083 0.05783132649958134
0 0.3269230891019106 0.4951807331526652 0.03365384740754962 0.036144579062238336
0 0.3750000139698386 0.4951807331526652 0.024038462433964014 0.036144579062238336
0 0.4903846336528659 0.47831326292362064 0.03365384740754962 0.045783133478835225
0 0.5901442527538165 0.47710844362154603 0.03605769365094602 0.04819277208298445
0 0.7031250261934474 0.471084347111173 0.040865386137738824 0.055421687895432115
0 0.8641827245010063 0.4409638645593077 0.04567307862453163 0.05783132649958134
0 0.736778873600997 0.45783133478835225 0.04567307862453163 0.05783132649958134
0 0.8076923377811909 0.46746988920494914 0.03365384740754962 0.04819277208298445
0 0.27283654862549156 0.4734939857153222 0.04567307862453163 0.05060241068713367
0 0.377403860213235 0.4746988050173968 0.03365384740754962 0.02891566324979067
