0 0.21995193127077073 0.305288472911343 0.08894231100566685 0.10096154222264886
0 0.4975961723830551 0.3064903960330412 0.07692307978868484 0.10336538846604526
0 0.12019231216982007 0.2980769341811538 0.10576923470944166 0.12980769714340568
0 0.9002404181519523 0.27764424111228436 0.11298077343963087 0.11778846592642367
0 0.8437500314321369 0.3016827035462484 0.06730769481509924 0.10817308095283806
0 0.21875000814907253 0.013221154338680208 0.09134615724906325 0.026442308677360415
0 0.4987980955047533 0.013221154338680208 0.07932692603208125 0.026442308677360415
0 0.12139423529151827 0.024038462433964014 0.10817308095283806 0.04807692486792803
0 0.8990384950302541 0.03125000116415322 0.11538461968302727 0.06250000232830644
0 0.8449519545538351 0.01682692370377481 0.06971154105849564 0.03365384740754962
