0 0.39903847640380263 0.5048192875692621 0.13461538963019848 0.12771084601990879
1 0.07692307978868484 0.5096385647775605 0.12980769714340568 0.13734940043650568
1 0.24879808619152755 0.5120482033817098 0.10817308095283806 0.1180722916033119
1 0.03966346301604062 0.4289156715385616 0.06490384857170284 0.06265060370787978
1 0.6322115620132536 0.5156626612879336 0.043269232381135225 0.05783132649958134
1 0.7992788759293035 0.5915662773186341 0.06971154105849564 0.0746987967286259
0 0.7992788759293035 0.4819277208298445 0.021634616190567613 0.03373494045808911
1 0.7319711811142042 0.5337349508190528 0.040865386137738824 0.045783133478835225
1 0.7764423366170377 0.5409638666315004 0.04807692486792803 0.045783133478835225
1 0.9086538800038397 0.4963855524547398 0.03365384740754962 0.043373494874686
1 0.8173077227547765 0.5012048296630383 0.028846154920756817 0.03373494045808911
1 0.7512019510613754 0.49156627524644136 0.026442308677360415 0.02891566324979067
