0 0.7980769528076053 0.5987951931310818 0.04807692486792803 0.05060241068713367
0 0.7584134897915646 0.6036144703393802 0.040865386137738824 0.05060241068713367
0 0.6598557938123122 0.6204819405684248 0.04567307862453163 0.045783133478835225
0 0.6899038718547672 0.6000000124331564 0.024038462433964014 0.03373494045808911
0 0.5420673278858885 0.687951821484603 0.040865386137738824 0.036144579062238336
0 0.46033655561041087 0.5903614580165595 0.04567307862453163 0.03373494045808911
0 0.353365397779271 0.6024096510373056 0.028846154920756817 0.03855421766638756
0 0.3317307815887034 0.6554217003285885 0.03846153989434242 0.03373494045808911
0 0.311298088519834 0.607228928245604 0.021634616190567613 0.02891566324979067
0 0.25480770180001855 0.628915675682947 0.03365384740754962 0.03373494045808911
0 0.2980769341811538 0.687951821484603 0.028846154920756817 0.026506024645641446
0 0.5420673278858885 0.9771084539825097 0.040865386137738824 0.036144579062238336
0 0.3329327047104016 0.9939759242115542 0.040865386137738824 0.007228915812447667
0 0.2980769341811538 0.9771084539825097 0.028846154920756817 0.026506024645641446
