0 0.628605792648159 0.35060241690371186 0.06490384857170284 0.07951807393692434
0 0.5060096342349425 0.4963855524547398 0.09375000349245965 0.11084337579086423
0 0.371394244604744 0.5036144682671875 0.06971154105849564 0.086746989749372
0 0.23557693185284734 0.4000000082887709 0.057692309841513634 0.06265060370787978
0 0.1754807757679373 0.195180726936087 0.04807692486792803 0.05301204929128289
0 0.5588942515896633 0.44698796106968075 0.05048077111132443 0.06024096510373056
0 0.43990386254154146 0.29638554831035435 0.03365384740754962 0.043373494874686
0 0.6274038695264608 0.012048193020746112 0.06730769481509924 0.024096386041492224
0 0.1754807757679373 0.13734940043650568 0.04807692486792803 0.05301204929128289
0 0.43990386254154146 0.036144579062238336 0.03365384740754962 0.043373494874686
