0 0.9651442667236552 0.20552885381039232 0.060096156084910035 0.1514423133339733
1 0.7860577215906233 0.377403860213235 0.08173077227547765 0.09134615724906325
1 0.1923076994717121 0.43149040068965405 0.08173077227547765 0.08894231100566685
1 0.5817307909019291 0.25721154804341495 0.13461538963019848 0.1586538520641625
1 0.9411058042896912 0.3389423203188926 0.08894231100566685 0.11057692719623446
1 0.44350963190663606 0.25961539428681135 0.11298077343963087 0.1490384670905769
1 0.7043269493151456 0.44110578566323966 0.05288461735472083 0.07451923354528844
1 0.026442308677360415 0.41586540010757744 0.04807692486792803 0.07692307978868484
0 0.963942343601957 0.061298079206608236 0.06250000232830644 0.12259615841321647
1 0.5829327140236273 0.03725961677264422 0.13701923587359488 0.07451923354528844
1 0.44230770878493786 0.03365384740754962 0.11538461968302727 0.06730769481509924
