0 0.8076923377811909 0.39397591177839786 0.07211538730189204 0.09397590556181967
1 0.19831731508020312 0.325301211560145 0.06971154105849564 0.08192771254107356
1 0.39543270703870803 0.3891566345700994 0.05528846359811723 0.06987951952032745
1 0.9771634979406372 0.46746988920494914 0.040865386137738824 0.07228915812447667
1 0.5024038648698479 0.4228915750281885 0.05288461735472083 0.06987951952032745
1 0.6117788689443842 0.40602410479914397 0.05528846359811723 0.065060242312029
1 0.6478365625953302 0.42771085223648697 0.040865386137738824 0.065060242312029
1 0.9002404181519523 0.4626506119966507 0.03605769365094602 0.05783132649958134
1 0.5240384810604155 0.4421686838613823 0.028846154920756817 0.045783133478835225
1 0.19711539195850492 0.025301205343566835 0.07211538730189204 0.05060241068713367
