0 0.9483173430198804 0.6478365625953302 0.04567307862453163 0.05528846359811723
0 0.8076923377811909 0.43990386254154146 0.028846154920756817 0.01923076994717121
0 0.7403846429660916 0.724759642384015 0.024038462433964014 0.021634616190567613
2 0.7403846429660916 0.7704327210085467 0.04807692486792803 0.11298077343963087
2 0.9447115736547858 0.7235577192623168 0.10096154222264886 0.19711539195850492
2 0.8185096458764747 0.4927884798962623 0.06490384857170284 0.13461538963019848
0 0.9471154198981822 0.9915865754010156 0.04807692486792803 0.012019231216982007
0 0.7403846429660916 0.9387019580462947 0.024038462433964014 0.021634616190567613
2 0.7403846429660916 0.8930288794217631 0.04807692486792803 0.11298077343963087
2 0.945913496776484 0.9182692649774253 0.10336538846604526 0.1586538520641625
