0 0.14302885148208588 0.4939759138505906 0.04567307862453163 0.05783132649958134
0 0.1682692370377481 0.2903614517999813 0.028846154920756817 0.04096385627053678
0 0.4747596330707893 0.20000000414438546 0.03125000116415322 0.03855421766638756
0 0.23798077809624374 0.38433735736180097 0.043269232381135225 0.045783133478835225
0 0.3317307815887034 0.30602410272695124 0.03365384740754962 0.043373494874686
0 0.5144230960868299 0.38433735736180097 0.03846153989434242 0.04096385627053678
0 0.9711538823321462 0.6204819405684248 0.04807692486792803 0.055421687895432115
0 0.933894265559502 0.45783133478835225 0.040865386137738824 0.05301204929128289
0 0.6382211776217446 0.3867469959659502 0.03605769365094602 0.04096385627053678
0 0.6718750250292942 0.303614464122802 0.03605769365094602 0.043373494874686
0 0.5336538660340011 0.3566265134140849 0.03365384740754962 0.03855421766638756
0 0.1682692370377481 0.044578314176760614 0.028846154920756817 0.04096385627053678
0 0.4747596330707893 0.13253012322820723 0.03125000116415322 0.03855421766638756
0 0.3317307815887034 0.026506024645641446 0.03365384740754962 0.043373494874686
0 0.6718750250292942 0.02891566324979067 0.03605769365094602 0.043373494874686
