0 0.024038462433964014 0.3088942422764376 0.04807692486792803 0.09375000349245965
0 0.640625023865141 0.3125000116415322 0.060096156084910035 0.08653846476227045
1 0.2968750110594556 0.3245192428585142 0.1514423133339733 0.1826923144981265
1 0.7680288747651502 0.25360577867832035 0.14182692836038768 0.1850961607415229
1 0.07572115666698664 0.3016827035462484 0.06490384857170284 0.09375000349245965
1 0.1490384670905769 0.3197115503717214 0.09134615724906325 0.12500000465661287
1 0.4819711718009785 0.26322116365190595 0.12740385090000927 0.1658653907943517
1 0.9158654187340289 0.3064903960330412 0.09134615724906325 0.11298077343963087
1 0.592548098997213 0.3461538590490818 0.04567307862453163 0.06730769481509924
1 0.2956730879377574 0.01923076994717121 0.1538461595773697 0.03846153989434242
1 0.766826951643452 0.05528846359811723 0.14423077460378408 0.11057692719623446
1 0.4807692486792803 0.04567307862453163 0.12980769714340568 0.09134615724906325
