0 0.8894231100566685 0.6358173313783482 0.04807692486792803 0.05528846359811723
0 0.28725962608586997 0.25600962492171675 0.04567307862453163 0.05048077111132443
0 0.3437500128056854 0.6370192545000464 0.043269232381135225 0.043269232381135225
1 0.6490384857170284 0.25841347116511315 0.04807692486792803 0.04567307862453163
1 0.43149040068965405 0.670673101907596 0.03605769365094602 0.043269232381135225
1 0.7848557984689251 0.6634615631774068 0.03605769365094602 0.043269232381135225
1 0.9795673441840336 0.6935096412198618 0.03605769365094602 0.04567307862453163
1 0.01802884682547301 0.6658654094208032 0.03125000116415322 0.043269232381135225
0 0.28725962608586997 0.058894232963211834 0.04567307862453163 0.05048077111132443
1 0.6490384857170284 0.05649038671981543 0.04807692486792803 0.04567307862453163
1 0.43028847756795585 0.9927884985227138 0.03846153989434242 0.009615384973585606
1 0.9783654210623354 0.9807692673057318 0.03846153989434242 0.03365384740754962
