0 0.3365384740754962 0.3822115527000278 0.1490384670905769 0.19711539195850492
0 0.6298077157698572 0.311298088519834 0.1634615445509553 0.19951923820190132
0 0.5096154036000371 0.365384628996253 0.11538461968302727 0.1538461595773697
0 0.8485577239189297 0.26322116365190595 0.1682692370377481 0.19951923820190132
0 0.8966346487868577 0.42067309259437025 0.19711539195850492 0.45192309375852346
0 0.10576923470944166 0.365384628996253 0.20673077693209052 0.3365384740754962
0 0.3377403971971944 0.020432693068869412 0.1514423133339733 0.040865386137738824
0 0.6310096388915554 0.05649038671981543 0.1658653907943517 0.11298077343963087
0 0.5108173267217353 0.01802884682547301 0.11778846592642367 0.03605769365094602
0 0.8497596470406279 0.08052884915377945 0.1706730832811445 0.1610576983075589
0 0.8978365719085559 0.06490384857170284 0.19951923820190132 0.12980769714340568
0 0.10697115783113986 0.06370192545000464 0.20913462317548692 0.12740385090000927
