0 0.28365385672077537 0.39302886079531163 0.07211538730189204 0.09375000349245965
0 0.06850961793679744 0.377403860213235 0.09375000349245965 0.11538461968302727
0 0.371394244604744 0.40024039952550083 0.06490384857170284 0.07932692603208125
0 0.4915865567745641 0.42908655444625765 0.04567307862453163 0.06971154105849564
0 0.5853365602670237 0.42427886195946485 0.05048077111132443 0.07451923354528844
0 0.6742788712726906 0.41826924635097384 0.04567307862453163 0.057692309841513634
0 0.5408654047641903 0.43149040068965405 0.03846153989434242 0.060096156084910035
0 0.41105770762078464 0.41466347698587924 0.03365384740754962 0.07451923354528844
0 0.1935096225934103 0.41826924635097384 0.040865386137738824 0.04807692486792803
0 0.28485577984247357 0.013221154338680208 0.07451923354528844 0.026442308677360415
0 0.06730769481509924 0.026442308677360415 0.09615384973585606 0.05288461735472083
