1 0.014423077460378408 0.5710843491833657 0.024038462433964014 0.08192771254107356
1 0.03125000116415322 0.5265060350066051 0.057692309841513634 0.065060242312029
1 0.24639423994813114 0.514457841985859 0.07451923354528844 0.06987951952032745
1 0.20432693068869412 0.6385542300995439 0.1490384670905769 0.15421687066555023
1 0.6141827151877806 0.5542168789543211 0.07932692603208125 0.0963855441659689
1 0.658653870690614 0.5277108543086797 0.04807692486792803 0.07710843533277512
1 0.3281250122236088 0.4963855524547398 0.04567307862453163 0.05783132649958134
1 0.43990386254154146 0.4963855524547398 0.03846153989434242 0.04819277208298445
1 0.5420673278858885 0.4855421787360683 0.04567307862453163 0.045783133478835225
1 0.7319711811142042 0.4975903717568144 0.04567307862453163 0.055421687895432115
1 0.8689904169877991 0.5216867577983066 0.06490384857170284 0.0746987967286259
1 0.9206731112208217 0.5132530226837844 0.057692309841513634 0.06746988091617823
1 0.20552885381039232 0.9722891767742112 0.1514423133339733 0.05060241068713367
