0 0.1706730832811445 0.41445783991366625 0.1634615445509553 0.16867470229044557
0 0.7872596447123215 0.41686747851781547 0.06490384857170284 0.05783132649958134
0 0.27403847174718976 0.43373494874686 0.11538461968302727 0.12530120741575956
0 0.4951923261396587 0.4228915750281885 0.08653846476227045 0.1180722916033119
0 0.8581731088925153 0.42409639433026314 0.04807692486792803 0.05301204929128289
0 0.9098558031255379 0.41445783991366625 0.04567307862453163 0.05783132649958134
0 0.7019231030717492 0.43855422595515847 0.03365384740754962 0.05783132649958134
0 0.670673101907596 0.43614458735100925 0.01923076994717121 0.03373494045808911
0 0.1718750064028427 0.055421687895432115 0.1658653907943517 0.11084337579086423
0 0.7860577215906233 0.026506024645641446 0.06730769481509924 0.05301204929128289
0 0.27524039486888796 0.034939759760163724 0.11778846592642367 0.06987951952032745
0 0.4963942492613569 0.03855421766638756 0.08894231100566685 0.07710843533277512
0 0.8593750320142135 0.021686747437343 0.05048077111132443 0.043373494874686
0 0.9086538800038397 0.027710843947716057 0.04807692486792803 0.055421687895432115
0 0.7031250261934474 0.015662650926969945 0.03605769365094602 0.03132530185393989
0 0.6718750250292942 0.0108433737186715 0.021634616190567613 0.021686747437343
