0 0.3365384740754962 0.5722891684854403 0.057692309841513634 0.0746987967286259
0 0.5576923284679651 0.26506024645641446 0.06250000232830644 0.06265060370787978
1 0.6862981024896726 0.22048193227965385 0.06971154105849564 0.08433735114522278
1 0.6454327163519338 0.25542169203981757 0.09375000349245965 0.10120482137426734
1 0.742788489209488 0.2566265113418922 0.07692307978868484 0.08433735114522278
1 0.7920673371991143 0.20000000414438546 0.06490384857170284 0.06265060370787978
1 0.8750000325962901 0.21807229367550462 0.057692309841513634 0.08915662835352123
1 0.9423077274113894 0.19759036554023623 0.09134615724906325 0.05783132649958134
0 0.5576923284679651 0.06746988091617823 0.06250000232830644 0.06265060370787978
1 0.6862981024896726 0.11445783369708806 0.06971154105849564 0.08433735114522278
1 0.6454327163519338 0.07710843533277512 0.09375000349245965 0.10120482137426734
1 0.742788489209488 0.07831325463484973 0.07692307978868484 0.08433735114522278
1 0.7920673371991143 0.13253012322820723 0.06490384857170284 0.06265060370787978
1 0.8750000325962901 0.11686747230123729 0.057692309841513634 0.08915662835352123
1 0.9423077274113894 0.13493976183235645 0.09134615724906325 0.05783132649958134
