0 0.3365384740754962 0.5084134804783389 0.043269232381135225 0.04567307862453163
0 0.6911057949764654 0.5072115573566407 0.05048077111132443 0.06250000232830644
1 0.03966346301604062 0.4771634793141857 0.07451923354528844 0.10817308095283806
1 0.09134615724906325 0.4927884798962623 0.057692309841513634 0.07692307978868484
1 0.20913462317548692 0.45312501688022166 0.08173077227547765 0.10336538846604526
1 0.39302886079531163 0.4855769411660731 0.07932692603208125 0.09134615724906325
1 0.4879807874094695 0.4939904030179605 0.057692309841513634 0.07451923354528844
1 0.5829327140236273 0.5096154036000371 0.040865386137738824 0.057692309841513634
1 0.6454327163519338 0.5168269423302263 0.07932692603208125 0.09615384973585606
1 0.7980769528076053 0.4735577099490911 0.10576923470944166 0.12500000465661287
1 0.8918269563000649 0.5132211729651317 0.09134615724906325 0.11298077343963087
1 0.969951959210448 0.5060096342349425 0.05528846359811723 0.06490384857170284
