1 0.11418269656132907 0.23317308560945094 0.13221154338680208 0.1634615445509553
0 0.1826923144981265 0.25721154804341495 0.07211538730189204 0.12980769714340568
0 0.3161057810066268 0.3185096272500232 0.14182692836038768 0.1658653907943517
0 0.44110578566323966 0.3076923191547394 0.08894231100566685 0.12980769714340568
0 0.5240384810604155 0.28605770296417177 0.057692309841513634 0.07692307978868484
0 0.6442307932302356 0.26562500989530236 0.07211538730189204 0.11778846592642367
1 0.7235577192623168 0.28004808735568076 0.13461538963019848 0.19951923820190132
1 0.8281250308500603 0.3137019347632304 0.060096156084910035 0.09375000349245965
1 0.9110577262472361 0.24639423994813114 0.1682692370377481 0.23798077809624374
1 0.11298077343963087 0.05048077111132443 0.13461538963019848 0.10096154222264886
0 0.1838942376198247 0.030048078042455018 0.07451923354528844 0.060096156084910035
0 0.6454327163519338 0.022836539312265813 0.07451923354528844 0.04567307862453163
1 0.724759642384015 0.03605769365094602 0.13701923587359488 0.07211538730189204
1 0.9122596493689343 0.06250000232830644 0.1706730832811445 0.12500000465661287
