0 0.044471155502833426 0.4072289241012186 0.06971154105849564 0.08192771254107356
0 0.6009615608491004 0.40481928549706936 0.057692309841513634 0.08192771254107356
0 0.8485577239189297 0.3132530185393989 0.14423077460378408 0.17831325670704246
0 0.28125001047737896 0.412048201309517 0.057692309841513634 0.07228915812447667
0 0.09735577285755426 0.42409639433026314 0.05048077111132443 0.06265060370787978
0 0.14302885148208588 0.4192771171219647 0.04567307862453163 0.06265060370787978
0 0.4807692486792803 0.4301204908406362 0.05288461735472083 0.065060242312029
0 0.3762019370915368 0.4289156715385616 0.04567307862453163 0.06265060370787978
0 0.23197116248775274 0.43373494874686 0.040865386137738824 0.05301204929128289
0 0.5468750203726813 0.4433735031634569 0.03605769365094602 0.043373494874686
0 0.6670673325425014 0.43614458735100925 0.040865386137738824 0.05783132649958134
0 0.8497596470406279 0.055421687895432115 0.14663462084718049 0.11084337579086423
