0 0.5733173290500417 0.28433735528960824 0.1658653907943517 0.19759036554023623
0 0.40024039952550083 0.2710843429667875 0.1850961607415229 0.23855422181077302
0 0.706730795558542 0.2481927762273699 0.12980769714340568 0.15421687066555023
0 0.9651442667236552 0.2566265113418922 0.06490384857170284 0.12289156881161034
0 0.7872596447123215 0.32771085016429424 0.08413461851887405 0.09156626695767045
0 0.5721154059283435 0.05783132649958134 0.1682692370377481 0.11566265299916267
0 0.39903847640380263 0.0746987967286259 0.1875000069849193 0.1493975934572518
0 0.7079327186802402 0.065060242312029 0.13221154338680208 0.130120484624058
0 0.963942343601957 0.05301204929128289 0.06730769481509924 0.10602409858256578
0 0.7860577215906233 0.00963855441659689 0.08653846476227045 0.01927710883319378
