0 0.26802885613869876 0.5024096489651129 0.04567307862453163 0.045783133478835225
0 0.026442308677360415 0.28554217459168285 0.043269232381135225 0.055421687895432115
0 0.1622596214292571 0.2590361499460414 0.03605769365094602 0.045783133478835225
0 0.25600962492171675 0.24216867971699685 0.03605769365094602 0.036144579062238336
0 0.3485577052924782 0.2674698850605637 0.03365384740754962 0.043373494874686
0 0.7259615655057132 0.6000000124331564 0.043269232381135225 0.03855421766638756
0 0.7151442574104294 0.4867469980381429 0.040865386137738824 0.03855421766638756
0 0.7884615678340197 0.5120482033817098 0.043269232381135225 0.036144579062238336
0 0.026442308677360415 0.04939759138505906 0.043269232381135225 0.055421687895432115
0 0.1622596214292571 0.0759036160307005 0.03605769365094602 0.045783133478835225
0 0.25600962492171675 0.09277108625974506 0.03605769365094602 0.036144579062238336
0 0.3485577052924782 0.065060242312029 0.03365384740754962 0.043373494874686
