0 0.2980769341811538 0.5385542280273512 0.06250000232830644 0.08433735114522278
0 0.7992788759293035 0.3783132608514279 0.1514423133339733 0.1927710883319378
0 0.19951923820190132 0.5674698912771419 0.04807692486792803 0.06024096510373056
0 0.44951924751512706 0.471084347111173 0.09134615724906325 0.12771084601990879
0 0.14182692836038768 0.5927710966207087 0.03846153989434242 0.043373494874686
0 0.11177885031793267 0.5915662773186341 0.03125000116415322 0.03132530185393989
0 0.08173077227547765 0.5927710966207087 0.024038462433964014 0.02891566324979067
0 0.299278857302852 0.9831325504928827 0.06490384857170284 0.02891566324979067
0 0.7980769528076053 0.086746989749372 0.1538461595773697 0.173493979498744
0 0.20072116132359952 0.9746988153783605 0.05048077111132443 0.045783133478835225
0 0.45072117063682526 0.024096386041492224 0.09375000349245965 0.04819277208298445
0 0.14182692836038768 0.9566265258472413 0.03846153989434242 0.043373494874686
0 0.11177885031793267 0.9602409837534651 0.03125000116415322 0.03132530185393989
0 0.08173077227547765 0.9566265258472413 0.024038462433964014 0.02891566324979067
