1 0.9423077274113894 0.359375013387762 0.06250000232830644 0.09375000349245965
1 0.06370192545000464 0.3629807827528566 0.06490384857170284 0.08653846476227045
1 0.7644231054000556 0.29206731857266277 0.06730769481509924 0.08413461851887405
1 0.305288472911343 0.3245192428585142 0.06730769481509924 0.08173077227547765
1 0.1826923144981265 0.3209134734934196 0.06730769481509924 0.08413461851887405
1 0.3665865521179512 0.3076923191547394 0.05528846359811723 0.08173077227547765
1 0.8389423389453441 0.3209134734934196 0.057692309841513634 0.06490384857170284
1 0.22836539312265813 0.27043270238209516 0.057692309841513634 0.06971154105849564
1 0.8377404158236459 0.25120193243492395 0.05528846359811723 0.060096156084910035
1 0.4759615561924875 0.335336550953798 0.057692309841513634 0.060096156084910035
1 0.5024038648698479 0.28605770296417177 0.05288461735472083 0.06730769481509924
1 0.42908655444625765 0.26201924053020775 0.04567307862453163 0.057692309841513634
1 0.610576945822686 0.28365385672077537 0.06250000232830644 0.07692307978868484
1 0.6670673325425014 0.28365385672077537 0.05048077111132443 0.06730769481509924
1 0.7632211822783574 0.23076923936605453 0.040865386137738824 0.057692309841513634
1 0.8028846452943981 0.389423091430217 0.06730769481509924 0.07211538730189204
1 0.22956731624435633 0.008413461851887405 0.060096156084910035 0.01682692370377481
1 0.8365384927019477 0.01562500058207661 0.057692309841513634 0.03125000116415322
1 0.42788463132455945 0.009615384973585606 0.04807692486792803 0.01923076994717121
1 0.7620192591566592 0.025240385555662215 0.043269232381135225 0.05048077111132443
