1 0.43750001629814506 0.3701923214830458 0.07692307978868484 0.09615384973585606
1 0.6201923307962716 0.359375013387762 0.13461538963019848 0.1610576983075589
1 0.23557693185284734 0.323317319736816 0.13461538963019848 0.1658653907943517
1 0.742788489209488 0.43990386254154146 0.07211538730189204 0.08653846476227045
1 0.3185096272500232 0.39302886079531163 0.07932692603208125 0.10336538846604526
1 0.8750000325962901 0.39663463016040623 0.10576923470944166 0.12980769714340568
1 0.9507211892632768 0.4699519405839965 0.05528846359811723 0.06490384857170284
1 0.026442308677360415 0.2980769341811538 0.04807692486792803 0.20192308444529772
1 0.6213942539179698 0.027644231799058616 0.13701923587359488 0.05528846359811723
1 0.23677885497454554 0.04687500174622983 0.13701923587359488 0.09375000349245965
1 0.027644231799058616 0.06850961793679744 0.05048077111132443 0.13701923587359488
