0 0.46394232497550547 0.27644231799058616 0.057692309841513634 0.07692307978868484
0 0.5937500221189111 0.27524039486888796 0.06730769481509924 0.09375000349245965
0 0.28245193359907717 0.28004808735568076 0.09375000349245965 0.11778846592642367
0 0.45793270936701447 0.3762019370915368 0.09855769597925246 0.11298077343963087
0 0.5096154036000371 0.3341346278320998 0.08173077227547765 0.10576923470944166
0 0.5649038671981543 0.3028846266679466 0.03846153989434242 0.07692307978868484
1 0.9687500360887498 0.22115385439246893 0.057692309841513634 0.10576923470944166
1 0.057692309841513634 0.3257211659802124 0.043269232381135225 0.040865386137738824
1 0.10456731158774346 0.323317319736816 0.026442308677360415 0.026442308677360415
0 0.46394232497550547 0.05528846359811723 0.057692309841513634 0.07692307978868484
0 0.5937500221189111 0.058894232963211834 0.06730769481509924 0.09375000349245965
0 0.28125001047737896 0.05649038671981543 0.09615384973585606 0.11298077343963087
0 0.5108173267217353 0.026442308677360415 0.08413461851887405 0.05288461735472083
0 0.5661057903198525 0.03485577052924782 0.040865386137738824 0.06971154105849564
1 0.9687500360887498 0.11057692719623446 0.057692309841513634 0.10576923470944166
1 0.058894232963211834 0.014423077460378408 0.04567307862453163 0.028846154920756817
1 0.10336538846604526 0.012019231216982007 0.028846154920756817 0.024038462433964014
