0 0.12980769714340568 0.3641827058745548 0.08173077227547765 0.09855769597925246
0 0.646634639473632 0.383413475821726 0.06730769481509924 0.09375000349245965
0 0.5132211729651317 0.3497596284141764 0.06490384857170284 0.10336538846604526
0 0.8557692626491189 0.3641827058745548 0.057692309841513634 0.08413461851887405
0 0.27163462550379336 0.3677884752396494 0.05288461735472083 0.09134615724906325
0 0.39663463016040623 0.3858173220651224 0.05288461735472083 0.08894231100566685
0 0.9062500337604433 0.389423091430217 0.05288461735472083 0.06730769481509924
0 0.3629807827528566 0.389423091430217 0.05288461735472083 0.06250000232830644
0 0.13100962026510388 0.009615384973585606 0.08413461851887405 0.01923076994717121
0 0.5120192498434335 0.01802884682547301 0.06730769481509924 0.03605769365094602
