0 0.305288472911343 0.2927710904041305 0.05288461735472083 0.06024096510373056
0 0.43750001629814506 0.2698795236647129 0.06250000232830644 0.05783132649958134
0 0.7632211822783574 0.22048193227965385 0.040865386137738824 0.045783133478835225
0 0.8810096482047811 0.2879518131958321 0.040865386137738824 0.045783133478835225
0 0.760817336034961 0.4409638645593077 0.10336538846604526 0.12530120741575956
2 0.7211538730189204 0.557831336860545 0.3076923191547394 0.34939759760163724
2 0.28245193359907717 0.34096386248711497 0.20913462317548692 0.17590361810289323
2 0.45192309375852346 0.3349397659767419 0.12980769714340568 0.17831325670704246
2 0.75480772042647 0.2915662711020559 0.09615384973585606 0.17831325670704246
2 0.8689904169877991 0.33012048876844347 0.09375000349245965 0.130120484624058
0 0.305288472911343 0.04216867557261139 0.05288461735472083 0.06024096510373056
0 0.43750001629814506 0.06265060370787978 0.06250000232830644 0.05783132649958134
0 0.7632211822783574 0.11445783369708806 0.040865386137738824 0.045783133478835225
0 0.8810096482047811 0.046987952780909836 0.040865386137738824 0.045783133478835225
2 0.28125001047737896 0.04096385627053678 0.21153846941888332 0.08192771254107356
2 0.45312501688022166 0.044578314176760614 0.13221154338680208 0.08915662835352123
2 0.7560096435481682 0.06626506161410362 0.09855769597925246 0.13253012322820723
2 0.8677884938661009 0.034939759760163724 0.09615384973585606 0.06987951952032745
