0 0.11418269656132907 0.32891566946636885 0.03125000116415322 0.045783133478835225
0 0.2968750110594556 0.46746988920494914 0.03125000116415322 0.03855421766638756
0 0.43389424693305045 0.3421686817891896 0.021634616190567613 0.043373494874686
0 0.8317308002151549 0.43614458735100925 0.03365384740754962 0.03373494045808911
0 0.6514423319604248 0.48795181734021753 0.03365384740754962 0.036144579062238336
0 0.5769230984151363 0.38072289945557714 0.03365384740754962 0.03373494045808911
0 0.45913463248871267 0.4012048275908455 0.03365384740754962 0.026506024645641446
0 0.4927884798962623 0.3638554292265326 0.03365384740754962 0.02891566324979067
0 0.4951923261396587 0.39277109247632325 0.03365384740754962 0.03855421766638756
0 0.6574519475689158 0.6927710986929014 0.026442308677360415 0.045783133478835225
0 0.11298077343963087 0.004819277208298445 0.03365384740754962 0.00963855441659689
0 0.6562500244472176 0.9843373697949573 0.028846154920756817 0.026506024645641446
