0 0.9158654187340289 0.42067309259437025 0.043269232381135225 0.06730769481509924
1 0.5264423273038119 0.42908655444625765 0.057692309841513634 0.07451923354528844
1 0.10697115783113986 0.4723557868273929 0.06971154105849564 0.06490384857170284
1 0.25600962492171675 0.45072117063682526 0.05528846359811723 0.06971154105849564
1 0.40024039952550083 0.43509617005474865 0.060096156084910035 0.07211538730189204
1 0.6033654070924968 0.44951924751512706 0.04807692486792803 0.06250000232830644
1 0.6778846406377852 0.42427886195946485 0.04807692486792803 0.06490384857170284
1 0.652644255082123 0.4735577099490911 0.05048077111132443 0.057692309841513634
1 0.44711540127173066 0.44951924751512706 0.03365384740754962 0.05288461735472083
1 0.3269230891019106 0.45793270936701447 0.03846153989434242 0.040865386137738824
1 0.1634615445509553 0.46514424809720367 0.03846153989434242 0.04567307862453163
0 0.9807692673057318 0.43870193941984326 0.03365384740754962 0.06971154105849564
0 0.945913496776484 0.44471155502833426 0.03125000116415322 0.05288461735472083
1 0.730769257992506 0.44591347815003246 0.024038462433964014 0.040865386137738824
