0 0.628605792648159 0.24096386041492224 0.14182692836038768 0.15903614787384868
0 0.45793270936701447 0.2481927762273699 0.06971154105849564 0.086746989749372
0 0.8197115689981729 0.3674698871327564 0.27403847174718976 0.281927716685459
0 0.06971154105849564 0.23975904111284763 0.057692309841513634 0.06987951952032745
0 0.27043270238209516 0.28674699389375746 0.060096156084910035 0.08192771254107356
0 0.6274038695264608 0.07951807393692434 0.14423077460378408 0.15903614787384868
0 0.45793270936701447 0.06987951952032745 0.06971154105849564 0.086746989749372
0 0.8209134921198711 0.046987952780909836 0.27644231799058616 0.09397590556181967
0 0.06971154105849564 0.08072289323899895 0.057692309841513634 0.06987951952032745
0 0.26923077926039696 0.03734939836431295 0.06250000232830644 0.0746987967286259
