0 0.23677885497454554 0.41566265921574086 0.07932692603208125 0.07951807393692434
0 0.7043269493151456 0.41325302061159164 0.06250000232830644 0.0746987967286259
0 0.6177884845528752 0.4108433820074424 0.057692309841513634 0.08433735114522278
0 0.8257211846066639 0.40602410479914397 0.08894231100566685 0.09397590556181967
0 0.39783655328210443 0.3975903696846217 0.060096156084910035 0.07228915812447667
0 0.9134615724906325 0.4325301294447854 0.057692309841513634 0.06024096510373056
0 0.44831732439342886 0.42530121363233775 0.04567307862453163 0.06024096510373056
0 0.7848557984689251 0.4108433820074424 0.04567307862453163 0.07951807393692434
0 0.5024038648698479 0.4216867557261139 0.03846153989434242 0.06746988091617823
0 0.975961574818939 0.4518072382779792 0.043269232381135225 0.055421687895432115
