0 0.1911057763500139 0.2795180780813098 0.12259615841321647 0.130120484624058
0 0.39663463016040623 0.25301205343566835 0.10576923470944166 0.07710843533277512
0 0.5216346348170191 0.3566265134140849 0.07692307978868484 0.10120482137426734
0 0.6057692533358932 0.36265060992445797 0.08173077227547765 0.1180722916033119
0 0.6838942562462762 0.33734940458089113 0.10817308095283806 0.1493975934572518
1 0.39903847640380263 0.3457831396954134 0.1634615445509553 0.17590361810289323
1 0.7175481036538258 0.5481927824439481 0.25721154804341495 0.2915662711020559
1 0.7776442597387359 0.34819277829956263 0.13221154338680208 0.16626506368629634
0 0.1899038532283157 0.06024096510373056 0.12500000465661287 0.12048193020746112
0 0.39663463016040623 0.07951807393692434 0.10576923470944166 0.07710843533277512
0 0.5228365579387173 0.014457831624895334 0.07932692603208125 0.02891566324979067
0 0.6069711764575914 0.015662650926969945 0.08413461851887405 0.03132530185393989
0 0.682692333124578 0.036144579062238336 0.11057692719623446 0.07228915812447667
1 0.40024039952550083 0.03855421766638756 0.1658653907943517 0.07710843533277512
1 0.7764423366170377 0.034939759760163724 0.13461538963019848 0.06987951952032745
