0 0.598557714605704 0.3750000139698386 0.11057692719623446 0.12980769714340568
0 0.8521634932840243 0.42427886195946485 0.06971154105849564 0.08413461851887405
0 0.1550480826990679 0.42427886195946485 0.07932692603208125 0.09855769597925246
0 0.09735577285755426 0.41826924635097384 0.05048077111132443 0.06730769481509924
0 0.7740384903736413 0.40264424576889724 0.05288461735472083 0.06971154105849564
0 0.39783655328210443 0.44951924751512706 0.09855769597925246 0.1586538520641625
0 0.9567308048717678 0.39302886079531163 0.05288461735472083 0.10817308095283806
0 0.45312501688022166 0.39903847640380263 0.03125000116415322 0.04807692486792803
0 0.7211538730189204 0.42427886195946485 0.043269232381135225 0.04567307862453163
0 0.69471156434156 0.40745193825569004 0.024038462433964014 0.03125000116415322
1 0.5072115573566407 0.39302886079531163 0.03365384740754962 0.04567307862453163
0 0.5997596377274022 0.06250000232830644 0.11298077343963087 0.12500000465661287
0 0.8509615701623261 0.026442308677360415 0.07211538730189204 0.05288461735472083
0 0.1538461595773697 0.030048078042455018 0.08173077227547765 0.060096156084910035
0 0.09615384973585606 0.025240385555662215 0.05288461735472083 0.05048077111132443
0 0.7752404134953395 0.03365384740754962 0.05528846359811723 0.06730769481509924
0 0.39663463016040623 0.03245192428585142 0.10096154222264886 0.06490384857170284
0 0.957932727993466 0.04807692486792803 0.05528846359811723 0.09615384973585606
0 0.45312501688022166 0.03365384740754962 0.03125000116415322 0.04807692486792803
0 0.7223557961406186 0.01682692370377481 0.04567307862453163 0.03365384740754962
0 0.69471156434156 0.027644231799058616 0.024038462433964014 0.03125000116415322
1 0.5072115573566407 0.042067309259437025 0.03365384740754962 0.04567307862453163
