0 0.323317319736816 0.34096386248711497 0.07451923354528844 0.07951807393692434
0 0.8401442620670423 0.34939759760163724 0.060096156084910035 0.07228915812447667
1 0.5216346348170191 0.3421686817891896 0.06250000232830644 0.06265060370787978
1 0.658653870690614 0.346987958997488 0.10576923470944166 0.10602409858256578
1 0.5901442527538165 0.3457831396954134 0.060096156084910035 0.0746987967286259
0 0.3221153966151178 0.016867470229044557 0.07692307978868484 0.03373494045808911
0 0.8389423389453441 0.0108433737186715 0.06250000232830644 0.021686747437343
1 0.5228365579387173 0.012048193020746112 0.06490384857170284 0.024096386041492224
1 0.6598557938123122 0.02048192813526839 0.10817308095283806 0.04096385627053678
1 0.5889423296321183 0.013253012322820723 0.06250000232830644 0.026506024645641446
