0 0.1478365439688787 0.3216867536539212 0.07932692603208125 0.11325301439501345
0 0.41586540010757744 0.3542168748099357 0.06250000232830644 0.08192771254107356
0 0.5817307909019291 0.3638554292265326 0.057692309841513634 0.07228915812447667
1 0.25240385555662215 0.368674706434831 0.06730769481509924 0.07710843533277512
1 0.08894231100566685 0.3421686817891896 0.05288461735472083 0.06746988091617823
1 0.305288472911343 0.4614457926945761 0.028846154920756817 0.036144579062238336
1 0.6418269469868392 0.44457832246553153 0.03365384740754962 0.04096385627053678
0 0.9218750343425199 0.44578314176760614 0.03605769365094602 0.04819277208298445
1 0.8305288770934567 0.45542169618420303 0.026442308677360415 0.03373494045808911
1 0.7019231030717492 0.44939759967383 0.03365384740754962 0.036144579062238336
