0 0.7259615655057132 0.5288461735472083 0.057692309841513634 0.057692309841513634
0 0.40985578449908644 0.5432692510075867 0.040865386137738824 0.04807692486792803
0 0.3701923214830458 0.5576923284679651 0.03846153989434242 0.03846153989434242
0 0.2968750110594556 0.5480769434943795 0.03125000116415322 0.03365384740754962
0 0.3461538590490818 0.5612980978330597 0.024038462433964014 0.03125000116415322
0 0.46394232497550547 0.5480769434943795 0.024038462433964014 0.024038462433964014
0 0.4915865567745641 0.5588942515896633 0.021634616190567613 0.021634616190567613
0 0.5625000209547579 0.5516827128594741 0.028846154920756817 0.026442308677360415
0 0.6250000232830644 0.5432692510075867 0.024038462433964014 0.028846154920756817
0 0.8449519545538351 0.5540865591028705 0.026442308677360415 0.03605769365094602
