1 0.07331731042359024 0.4675480943406001 0.14182692836038768 0.1658653907943517
1 0.8545673395274207 0.41706732322927564 0.07451923354528844 0.08894231100566685
1 0.22475962375756353 0.39783655328210443 0.06971154105849564 0.07932692603208125
1 0.6682692556641996 0.3701923214830458 0.05288461735472083 0.057692309841513634
1 0.6274038695264608 0.377403860213235 0.043269232381135225 0.05288461735472083
1 0.26802885613869876 0.365384628996253 0.04567307862453163 0.05288461735472083
1 0.3689903983613476 0.3497596284141764 0.03125000116415322 0.03125000116415322
1 0.5709134828066453 0.3581730902660638 0.04567307862453163 0.04807692486792803
1 0.5264423273038119 0.3497596284141764 0.028846154920756817 0.040865386137738824
1 0.5084134804783389 0.3545673209009692 0.01682692370377481 0.03605769365094602
1 0.4915865567745641 0.353365397779271 0.021634616190567613 0.03846153989434242
1 0.46153847873210907 0.3437500128056854 0.024038462433964014 0.03365384740754962
1 0.42548078508116305 0.3545673209009692 0.028846154920756817 0.03605769365094602
