1 0.1730769295245409 0.5805288677802309 0.11538461968302727 0.11778846592642367
1 0.08413461851887405 0.5588942515896633 0.08173077227547765 0.09375000349245965
1 0.8052884915377945 0.4939904030179605 0.06730769481509924 0.06971154105849564
1 0.21995193127077073 0.5036057879915461 0.060096156084910035 0.060096156084910035
1 0.12500000465661287 0.4951923261396587 0.04807692486792803 0.043269232381135225
1 0.1550480826990679 0.4699519405839965 0.04567307862453163 0.04567307862453163
1 0.21394231566227973 0.44831732439342886 0.03846153989434242 0.03605769365094602
1 0.4951923261396587 0.44711540127173066 0.03365384740754962 0.04807692486792803
1 0.6490384857170284 0.45793270936701447 0.04807692486792803 0.04567307862453163
1 0.7163461805321276 0.46394232497550547 0.057692309841513634 0.057692309841513634
