1 0.3329327047104016 0.4108433820074424 0.04567307862453163 0.06024096510373056
1 0.6262019464047626 0.4072289241012186 0.05048077111132443 0.05783132649958134
1 0.7584134897915646 0.40602410479914397 0.05048077111132443 0.055421687895432115
1 0.21634616190567613 0.4180722978198901 0.05288461735472083 0.045783133478835225
1 0.42788463132455945 0.41566265921574086 0.03365384740754962 0.045783133478835225
1 0.4807692486792803 0.3879518152680248 0.05288461735472083 0.05783132649958134
1 0.5480769434943795 0.3975903696846217 0.03846153989434242 0.04819277208298445
1 0.7115384880453348 0.4096385627053678 0.028846154920756817 0.043373494874686
1 0.7968750296859071 0.412048201309517 0.026442308677360415 0.043373494874686
1 0.8581731088925153 0.4084337434032932 0.03846153989434242 0.05060241068713367
1 0.9122596493689343 0.4216867557261139 0.05048077111132443 0.06265060370787978
