0 0.042067309259437025 0.4084337434032932 0.04567307862453163 0.0746987967286259
0 0.1814903913764283 0.46867470850702375 0.060096156084910035 0.0746987967286259
0 0.8593750320142135 0.4602409733925015 0.060096156084910035 0.05301204929128289
0 0.1790865451330319 0.20963855856098235 0.040865386137738824 0.05301204929128289
0 0.21514423878397793 0.3650602485286072 0.04567307862453163 0.06024096510373056
0 0.8329327233368531 0.31807229574769735 0.04567307862453163 0.05301204929128289
0 0.963942343601957 0.3024096448207274 0.06250000232830644 0.055421687895432115
0 0.22836539312265813 0.2048192813526839 0.03846153989434242 0.04819277208298445
0 0.39182693767361343 0.24578313762322068 0.04807692486792803 0.05301204929128289
1 0.6478365625953302 0.38072289945557714 0.04567307862453163 0.05301204929128289
1 0.8377404158236459 0.6108433861518279 0.060096156084910035 0.045783133478835225
1 0.706730795558542 0.2481927762273699 0.04807692486792803 0.04819277208298445
0 0.1790865451330319 0.12289156881161034 0.040865386137738824 0.05301204929128289
0 0.8317308002151549 0.021686747437343 0.04807692486792803 0.043373494874686
0 0.963942343601957 0.0325301211560145 0.06250000232830644 0.055421687895432115
0 0.22836539312265813 0.12771084601990879 0.03846153989434242 0.04819277208298445
0 0.39182693767361343 0.086746989749372 0.04807692486792803 0.05301204929128289
1 0.706730795558542 0.08433735114522278 0.04807692486792803 0.04819277208298445
