1 0.8798077250830829 0.35060241690371186 0.11057692719623446 0.14216867764480412
1 0.3882211683085188 0.3855421766638756 0.08894231100566685 0.10602409858256578
1 0.616586561431177 0.36144579062238336 0.09375000349245965 0.130120484624058
1 0.21274039254058152 0.3662650678306818 0.10817308095283806 0.1493975934572518
1 0.7271634886274114 0.3457831396954134 0.07451923354528844 0.11325301439501345
1 0.10216346534434706 0.38313253805972636 0.10336538846604526 0.12530120741575956
1 0.8798077250830829 0.10000000207219273 0.11057692719623446 0.14216867764480412
1 0.3882211683085188 0.06265060370787978 0.08894231100566685 0.10602409858256578
1 0.616586561431177 0.086746989749372 0.09375000349245965 0.130120484624058
1 0.21274039254058152 0.08192771254107356 0.10817308095283806 0.1493975934572518
1 0.7271634886274114 0.10481927928049117 0.07451923354528844 0.11325301439501345
1 0.10216346534434706 0.065060242312029 0.10336538846604526 0.12530120741575956
