0 0.5516827128594741 0.41947116947267205 0.05528846359811723 0.06490384857170284
0 0.7463942585745826 0.41466347698587924 0.06490384857170284 0.07451923354528844
0 0.9783654210623354 0.43269232381135225 0.03846153989434242 0.07211538730189204
1 0.21995193127077073 0.40985578449908644 0.060096156084910035 0.06971154105849564
1 0.044471155502833426 0.41947116947267205 0.060096156084910035 0.06971154105849564
1 0.6334134851349518 0.41586540010757744 0.05528846359811723 0.06250000232830644
1 0.3197115503717214 0.45673078624531627 0.057692309841513634 0.06250000232830644
1 0.6995192568283528 0.42067309259437025 0.043269232381135225 0.06250000232830644
1 0.4855769411660731 0.42187501571606845 0.05288461735472083 0.060096156084910035
0 0.39302886079531163 0.44951924751512706 0.05528846359811723 0.07211538730189204
0 0.5504807897377759 0.026442308677360415 0.057692309841513634 0.05288461735472083
0 0.7451923354528844 0.03125000116415322 0.06730769481509924 0.06250000232830644
0 0.9795673441840336 0.021634616190567613 0.040865386137738824 0.043269232381135225
1 0.21875000814907253 0.03245192428585142 0.06250000232830644 0.06490384857170284
1 0.043269232381135225 0.027644231799058616 0.06250000232830644 0.05528846359811723
1 0.6322115620132536 0.027644231799058616 0.057692309841513634 0.05528846359811723
1 0.3209134734934196 0.007211538730189204 0.060096156084910035 0.014423077460378408
1 0.700721179950051 0.025240385555662215 0.04567307862453163 0.05048077111132443
1 0.4867788642877713 0.024038462433964014 0.05528846359811723 0.04807692486792803
0 0.39182693767361343 0.013221154338680208 0.057692309841513634 0.026442308677360415
