0 0.28365385672077537 0.3557692440226674 0.07211538730189204 0.09615384973585606
0 0.21274039254058152 0.28485577984247357 0.10336538846604526 0.10817308095283806
0 0.736778873600997 0.5192307885736227 0.13701923587359488 0.13942308211699128
0 0.5865384833887219 0.5516827128594741 0.07692307978868484 0.09855769597925246
0 0.3798077064566314 0.3569711671443656 0.05288461735472083 0.07451923354528844
0 0.4711538637056947 0.3701923214830458 0.04807692486792803 0.06730769481509924
0 0.7091346418019384 0.26562500989530236 0.05288461735472083 0.09855769597925246
0 0.6129807920660824 0.3581730902660638 0.06250000232830644 0.08653846476227045
0 0.5288461735472083 0.3870192451868206 0.04807692486792803 0.057692309841513634
0 0.21153846941888332 0.044471155502833426 0.10576923470944166 0.08894231100566685
0 0.7091346418019384 0.05408654047641903 0.05288461735472083 0.09855769597925246
