0 0.1478365439688787 0.27469880087301135 0.13701923587359488 0.15903614787384868
0 0.39182693767361343 0.3578313327161595 0.09134615724906325 0.1180722916033119
0 0.5408654047641903 0.3987951889866963 0.057692309841513634 0.0746987967286259
0 0.9543269586283714 0.38433735736180097 0.08173077227547765 0.12289156881161034
0 0.7812500291038305 0.42650603293441236 0.06730769481509924 0.06746988091617823
0 0.2956730879377574 0.3987951889866963 0.057692309841513634 0.08433735114522278
0 0.6418269469868392 0.34939759760163724 0.09615384973585606 0.13493976183235645
0 0.8822115713264793 0.4216867557261139 0.03365384740754962 0.05783132649958134
0 0.14663462084718049 0.06987951952032745 0.13942308211699128 0.1397590390406549
0 0.39302886079531163 0.018072289531119168 0.09375000349245965 0.036144579062238336
0 0.6430288701085374 0.026506024645641446 0.09855769597925246 0.05301204929128289
