0 0.7055288724368438 0.2614457885501906 0.12259615841321647 0.1710843408945948
0 0.3137019347632304 0.24337349901907146 0.11778846592642367 0.1493975934572518
2 0.299278857302852 0.4963855524547398 0.3004807804245502 0.6554217003285885
2 0.7103365649236366 0.5060241068713367 0.22836539312265813 0.6457831459119916
2 0.12980769714340568 0.5012048296630383 0.13942308211699128 0.3325301273725927
0 0.7043269493151456 0.07951807393692434 0.12500000465661287 0.15903614787384868
0 0.3137019347632304 0.08915662835352123 0.11778846592642367 0.1493975934572518
2 0.2980769341811538 0.08313253184314817 0.3028846266679466 0.16626506368629634
2 0.2980769341811538 0.920481946785003 0.3028846266679466 0.15421687066555023
2 0.7091346418019384 0.0759036160307005 0.23076923936605453 0.151807232061401
2 0.7091346418019384 0.9180723081808537 0.23076923936605453 0.15903614787384868
