1 0.1598557751858607 0.4951923261396587 0.05048077111132443 0.057692309841513634
1 0.23437500873114914 0.5060096342349425 0.04567307862453163 0.05048077111132443
1 0.28846154920756817 0.4939904030179605 0.03846153989434242 0.04567307862453163
1 0.3629807827528566 0.4939904030179605 0.03365384740754962 0.05048077111132443
1 0.44110578566323966 0.4795673255575821 0.040865386137738824 0.04567307862453163
1 0.5084134804783389 0.5108173267217353 0.03605769365094602 0.04567307862453163
1 0.5649038671981543 0.4927884798962623 0.03365384740754962 0.043269232381135225
1 0.8858173406915739 0.4891827105311677 0.03605769365094602 0.04567307862453163
1 0.7848557984689251 0.4759615561924875 0.03605769365094602 0.043269232381135225
1 0.8245192614849657 0.5012019417481497 0.043269232381135225 0.04567307862453163
1 0.7536057973047718 0.5096154036000371 0.03605769365094602 0.03846153989434242
1 0.6081730995792896 0.4855769411660731 0.03365384740754962 0.043269232381135225
1 0.6538461782038212 0.5012019417481497 0.03846153989434242 0.04567307862453163
1 0.7019231030717492 0.5048077111132443 0.03365384740754962 0.043269232381135225
