1 0.5733173290500417 0.39518073108047247 0.06971154105849564 0.09156626695767045
1 0.7884615678340197 0.41325302061159164 0.07692307978868484 0.09397590556181967
1 0.3305288584670052 0.4530120575800538 0.07932692603208125 0.086746989749372
1 0.09014423412736505 0.45662651548627764 0.06971154105849564 0.08433735114522278
1 0.9098558031255379 0.4518072382779792 0.10336538846604526 0.1180722916033119
1 0.5120192498434335 0.42530121363233775 0.04807692486792803 0.06987951952032745
1 0.6478365625953302 0.4289156715385616 0.05048077111132443 0.06265060370787978
1 0.3125000116415322 0.4192771171219647 0.057692309841513634 0.06265060370787978
1 0.027644231799058616 0.45662651548627764 0.040865386137738824 0.055421687895432115
1 0.23437500873114914 0.4602409733925015 0.026442308677360415 0.03373494045808911
1 0.5721154059283435 0.01927710883319378 0.07211538730189204 0.03855421766638756
1 0.7896634909557179 0.0108433737186715 0.07932692603208125 0.021686747437343
