1 0.1911057763500139 0.6000000124331564 0.07932692603208125 0.0963855441659689
1 0.724759642384015 0.2566265113418922 0.10336538846604526 0.11325301439501345
1 0.3569711671443656 0.6301204949850217 0.07451923354528844 0.08433735114522278
1 0.12500000465661287 0.585542180808261 0.05288461735472083 0.07228915812447667
1 0.6093750227009878 0.6144578440580517 0.060096156084910035 0.06746988091617823
1 0.23557693185284734 0.5879518194124103 0.03365384740754962 0.05783132649958134
1 0.020432693068869412 0.5759036263916641 0.03125000116415322 0.07228915812447667
1 0.42187501571606845 0.6024096510373056 0.040865386137738824 0.05783132649958134
1 0.4843750180443749 0.6000000124331564 0.04567307862453163 0.06265060370787978
1 0.5432692510075867 0.6180723019642755 0.043269232381135225 0.055421687895432115
1 0.3040865497896448 0.6000000124331564 0.040865386137738824 0.04819277208298445
1 0.724759642384015 0.07831325463484973 0.10336538846604526 0.11325301439501345
