0 0.5408654047641903 0.26322116365190595 0.06250000232830644 0.08894231100566685
0 0.9110577262472361 0.22836539312265813 0.13942308211699128 0.11538461968302727
0 0.41105770762078464 0.26442308677360415 0.07211538730189204 0.12019231216982007
0 0.7884615678340197 0.25961539428681135 0.10576923470944166 0.13942308211699128
0 0.3341346278320998 0.23317308560945094 0.09134615724906325 0.12500000465661287
0 0.4759615561924875 0.3677884752396494 0.12019231216982007 0.10096154222264886
0 0.5408654047641903 0.07091346418019384 0.06250000232830644 0.08894231100566685
0 0.9110577262472361 0.10336538846604526 0.13942308211699128 0.11538461968302727
0 0.41105770762078464 0.06730769481509924 0.07211538730189204 0.12019231216982007
0 0.7884615678340197 0.07211538730189204 0.10576923470944166 0.13942308211699128
0 0.3341346278320998 0.09855769597925246 0.09134615724906325 0.12500000465661287
