0 0.3149038578849286 0.45192309375852346 0.057692309841513634 0.05288461735472083
0 0.22115385439246893 0.45432694000191987 0.05288461735472083 0.06250000232830644
1 0.26442308677360415 0.4771634793141857 0.05288461735472083 0.060096156084910035
1 0.42548078508116305 0.46274040185380727 0.043269232381135225 0.04567307862453163
1 0.5673077134415507 0.4687500174622983 0.03365384740754962 0.043269232381135225
1 0.5372596353990957 0.44350963190663606 0.03605769365094602 0.040865386137738824
1 0.5000000186264515 0.44831732439342886 0.028846154920756817 0.03605769365094602
1 0.28966347232926637 0.4699519405839965 0.03125000116415322 0.05048077111132443
0 0.5889423296321183 0.44110578566323966 0.03365384740754962 0.04567307862453163
0 0.7139423342887312 0.45552886312361807 0.043269232381135225 0.05048077111132443
0 0.7860577215906233 0.45072117063682526 0.03846153989434242 0.04567307862453163
1 0.6622596400557086 0.4675480943406001 0.04567307862453163 0.04567307862453163
1 0.766826951643452 0.4963942492613569 0.05288461735472083 0.05528846359811723
1 0.8834134944481775 0.46514424809720367 0.03125000116415322 0.03605769365094602
1 0.9591346511151642 0.4699519405839965 0.03365384740754962 0.03605769365094602
