1 0.09615384973585606 0.3457831396954134 0.1634615445509553 0.18072289531119168
0 0.20432693068869412 0.37108434503898025 0.10576923470944166 0.14457831624895334
0 0.3521634746575728 0.38192771875765175 0.06490384857170284 0.08915662835352123
0 0.4819711718009785 0.3638554292265326 0.08413461851887405 0.11084337579086423
0 0.7103365649236366 0.37349398364312947 0.06971154105849564 0.0963855441659689
0 0.5961538683623075 0.3987951889866963 0.06250000232830644 0.06987951952032745
0 0.8762019557179883 0.3650602485286072 0.09375000349245965 0.108433737186715
0 0.9543269586283714 0.3891566345700994 0.08173077227547765 0.09879518277011812
1 0.09735577285755426 0.03975903696846217 0.1658653907943517 0.07951807393692434
0 0.20552885381039232 0.018072289531119168 0.10817308095283806 0.036144579062238336
0 0.4807692486792803 0.013253012322820723 0.08653846476227045 0.026506024645641446
0 0.8750000325962901 0.012048193020746112 0.09615384973585606 0.024096386041492224
