0 0.8485577239189297 0.3762019370915368 0.11538461968302727 0.14182692836038768
0 0.5949519452406093 0.24639423994813114 0.05528846359811723 0.06490384857170284
0 0.1586538520641625 0.20312500756699592 0.057692309841513634 0.06971154105849564
2 0.1778846220113337 0.25240385555662215 0.1586538520641625 0.1682692370377481
2 0.6334134851349518 0.28966347232926637 0.14663462084718049 0.1514423133339733
2 0.8197115689981729 0.4831730949226767 0.3269230891019106 0.3365384740754962
0 0.5949519452406093 0.044471155502833426 0.05528846359811723 0.06490384857170284
0 0.1586538520641625 0.08774038788396865 0.057692309841513634 0.06971154105849564
2 0.1790865451330319 0.061298079206608236 0.1610576983075589 0.12259615841321647
2 0.6322115620132536 0.03846153989434242 0.1490384670905769 0.07692307978868484
