0 0.12620192777831107 0.2783132587792352 0.08413461851887405 0.08915662835352123
0 0.22475962375756353 0.2566265113418922 0.08894231100566685 0.10361445997841656
0 0.7764423366170377 0.3024096448207274 0.11057692719623446 0.12289156881161034
0 0.353365397779271 0.3024096448207274 0.10576923470944166 0.1180722916033119
0 0.5300480966689065 0.3024096448207274 0.10817308095283806 0.1180722916033119
0 0.712740411167033 0.24939759552944452 0.05528846359811723 0.06987951952032745
0 0.9110577262472361 0.20120482344646007 0.028846154920756817 0.04096385627053678
1 0.5564904053462669 0.21807229367550462 0.03605769365094602 0.05060241068713367
1 0.6754807943943888 0.20000000414438546 0.03365384740754962 0.03373494045808911
0 0.12620192777831107 0.06626506161410362 0.08413461851887405 0.08915662835352123
0 0.22475962375756353 0.08795180905144662 0.08894231100566685 0.10361445997841656
0 0.7776442597387359 0.05180722998920828 0.11298077343963087 0.10361445997841656
0 0.3545673209009692 0.05060241068713367 0.10817308095283806 0.10120482137426734
0 0.5288461735472083 0.05060241068713367 0.11057692719623446 0.10120482137426734
0 0.712740411167033 0.09518072486389428 0.05528846359811723 0.06987951952032745
0 0.9110577262472361 0.14337349694687873 0.028846154920756817 0.04096385627053678
1 0.5564904053462669 0.12650602671783417 0.03605769365094602 0.05060241068713367
1 0.6754807943943888 0.14216867764480412 0.03365384740754962 0.03373494045808911
