0 0.25841347116511315 0.7560096435481682 0.09375000349245965 0.09855769597925246
0 0.07812500291038305 0.6538461782038212 0.09855769597925246 0.09615384973585606
0 0.5805288677802309 0.8125000302679837 0.08413461851887405 0.08653846476227045
0 0.39783655328210443 0.44951924751512706 0.06971154105849564 0.07211538730189204
0 0.6658654094208032 0.5552884822245687 0.07211538730189204 0.07211538730189204
0 0.7896634909557179 0.28245193359907717 0.060096156084910035 0.06490384857170284
0 0.7776442597387359 0.6778846406377852 0.07932692603208125 0.06730769481509924
0 0.6093750227009878 0.5204327116953209 0.05048077111132443 0.06490384857170284
0 0.3762019370915368 0.39543270703870803 0.060096156084910035 0.060096156084910035
0 0.28245193359907717 0.43870193941984326 0.06971154105849564 0.06490384857170284
0 0.5264423273038119 0.5324519429123029 0.05288461735472083 0.06490384857170284
0 0.7259615655057132 0.8100961840245873 0.09134615724906325 0.08653846476227045
0 0.8713942632311955 0.7463942585745826 0.08894231100566685 0.06971154105849564
0 0.9038461875170469 0.24399039370473474 0.06250000232830644 0.06971154105849564
0 0.9170673418557271 0.1682692370377481 0.05528846359811723 0.057692309841513634
0 0.8677884938661009 0.1562500058207661 0.057692309841513634 0.03846153989434242
0 0.25721154804341495 0.957932727993466 0.09615384973585606 0.07932692603208125
0 0.5805288677802309 0.9110577262472361 0.08413461851887405 0.08653846476227045
0 0.7884615678340197 0.010817308095283806 0.06250000232830644 0.021634616190567613
0 0.7259615655057132 0.9134615724906325 0.09134615724906325 0.08653846476227045
0 0.8701923401094973 0.969951959210448 0.09134615724906325 0.05528846359811723
0 0.9050481106387451 0.03125000116415322 0.06490384857170284 0.06250000232830644
0 0.9170673418557271 0.10096154222264886 0.05528846359811723 0.057692309841513634
0 0.8677884938661009 0.11298077343963087 0.057692309841513634 0.03846153989434242
