0 0.4831730949226767 0.3305288584670052 0.07692307978868484 0.09375000349245965
0 0.7740384903736413 0.3064903960330412 0.07211538730189204 0.09375000349245965
0 0.6682692556641996 0.27403847174718976 0.08173077227547765 0.10096154222264886
0 0.5516827128594741 0.335336550953798 0.05528846359811723 0.06971154105849564
0 0.6310096388915554 0.3257211659802124 0.05048077111132443 0.07451923354528844
0 0.8545673395274207 0.3028846266679466 0.04567307862453163 0.07211538730189204
0 0.28725962608586997 0.299278857302852 0.05048077111132443 0.060096156084910035
0 0.8930288794217631 0.29447116481605917 0.03605769365094602 0.07932692603208125
0 0.9182692649774253 0.299278857302852 0.03365384740754962 0.05048077111132443
0 0.945913496776484 0.29326924169436097 0.021634616190567613 0.05288461735472083
0 0.7199519498972222 0.3161057810066268 0.05528846359811723 0.060096156084910035
0 0.7752404134953395 0.010817308095283806 0.07451923354528844 0.021634616190567613
0 0.6694711787858978 0.028846154920756817 0.08413461851887405 0.057692309841513634
0 0.8533654164057225 0.007211538730189204 0.04807692486792803 0.014423077460378408
0 0.28605770296417177 0.0060096156084910035 0.05288461735472083 0.012019231216982007
0 0.8918269563000649 0.013221154338680208 0.03846153989434242 0.026442308677360415
0 0.9447115736547858 0.007211538730189204 0.024038462433964014 0.014423077460378408
