1 0.5949519452406093 0.38433735736180097 0.060096156084910035 0.07951807393692434
1 0.42668270820286125 0.36024097132030874 0.06490384857170284 0.08433735114522278
1 0.25000000931322575 0.36265060992445797 0.057692309841513634 0.06987951952032745
1 0.13100962026510388 0.3650602485286072 0.05048077111132443 0.06024096510373056
1 0.3197115503717214 0.3638554292265326 0.04807692486792803 0.05783132649958134
1 0.5132211729651317 0.34819277829956263 0.03605769365094602 0.055421687895432115
1 0.5697115596849471 0.36144579062238336 0.03365384740754962 0.05301204929128289
1 0.8076923377811909 0.39156627317424864 0.057692309841513634 0.06024096510373056
1 0.9387019580462947 0.3746988029452041 0.03605769365094602 0.045783133478835225
1 0.8497596470406279 0.3566265134140849 0.040865386137738824 0.04819277208298445
