0 0.41466347698587924 0.3076923191547394 0.07932692603208125 0.07211538730189204
0 0.8437500314321369 0.1562500058207661 0.057692309841513634 0.05288461735472083
0 0.5348557891556993 0.1778846220113337 0.04567307862453163 0.04807692486792803
0 0.41706732322927564 0.1562500058207661 0.05048077111132443 0.05288461735472083
0 0.3305288584670052 0.1586538520641625 0.03605769365094602 0.03846153989434242
0 0.23918270121794194 0.1622596214292571 0.03605769365094602 0.04567307862453163
0 0.12620192777831107 0.1550480826990679 0.04567307862453163 0.03605769365094602
0 0.75480772042647 0.1911057763500139 0.043269232381135225 0.040865386137738824
0 0.8437500314321369 0.09375000349245965 0.057692309841513634 0.05288461735472083
0 0.5348557891556993 0.07211538730189204 0.04567307862453163 0.04807692486792803
0 0.41706732322927564 0.09375000349245965 0.05048077111132443 0.05288461735472083
0 0.3305288584670052 0.09134615724906325 0.03605769365094602 0.03846153989434242
0 0.23918270121794194 0.09014423412736505 0.03605769365094602 0.04567307862453163
0 0.12620192777831107 0.09735577285755426 0.04567307862453163 0.03605769365094602
0 0.75480772042647 0.061298079206608236 0.043269232381135225 0.040865386137738824
