0 0.1658653907943517 0.21754808502737433 0.08653846476227045 0.09855769597925246
0 0.3329327047104016 0.26562500989530236 0.060096156084910035 0.07451923354528844
0 0.5000000186264515 0.23317308560945094 0.05288461735472083 0.06730769481509924
0 0.8016827221726999 0.20552885381039232 0.08894231100566685 0.07451923354528844
0 0.026442308677360415 0.3076923191547394 0.028846154920756817 0.03846153989434242
0 0.1658653907943517 0.11658654280472547 0.08653846476227045 0.09855769597925246
0 0.3329327047104016 0.06850961793679744 0.060096156084910035 0.07451923354528844
0 0.5000000186264515 0.09855769597925246 0.05288461735472083 0.06730769481509924
0 0.8016827221726999 0.12860577402170748 0.08894231100566685 0.07451923354528844
0 0.026442308677360415 0.024038462433964014 0.028846154920756817 0.03846153989434242
