1 0.06971154105849564 0.41346155386418104 0.06730769481509924 0.09134615724906325
1 0.10456731158774346 0.41947116947267205 0.03605769365094602 0.060096156084910035
0 0.25120193243492395 0.39543270703870803 0.11298077343963087 0.12259615841321647
1 0.3449519359273836 0.43028847756795585 0.060096156084910035 0.07211538730189204
1 0.5156250192085281 0.44831732439342886 0.09375000349245965 0.10336538846604526
1 0.07091346418019384 0.040865386137738824 0.06971154105849564 0.08173077227547765
1 0.10336538846604526 0.030048078042455018 0.03846153989434242 0.060096156084910035
0 0.25000000931322575 0.057692309841513634 0.11538461968302727 0.11538461968302727
1 0.3437500128056854 0.027644231799058616 0.06250000232830644 0.05528846359811723
1 0.5144230960868299 0.026442308677360415 0.09615384973585606 0.05288461735472083
