0 0.3810096295783296 0.2915662711020559 0.1754807757679373 0.19759036554023623
0 0.5468750203726813 0.38192771875765175 0.11298077343963087 0.13734940043650568
0 0.1742788526462391 0.5156626612879336 0.04567307862453163 0.043373494874686
0 0.14543269772548229 0.7084337496198714 0.28605770296417177 0.2698795236647129
2 0.20072116132359952 0.5566265175584704 0.11298077343963087 0.12048193020746112
2 0.060096156084910035 0.5759036263916641 0.10096154222264886 0.10602409858256578
2 0.5564904053462669 0.5457831438397989 0.1658653907943517 0.4746988050173968
2 0.3762019370915368 0.4819277208298445 0.27644231799058616 0.5445783245377243
0 0.3798077064566314 0.05903614580165595 0.1778846220113337 0.1180722916033119
0 0.14423077460378408 0.9228915853891522 0.28846154920756817 0.1493975934572518
