0 0.26201924053020775 0.42908655444625765 0.03365384740754962 0.040865386137738824
0 0.40504809201229364 0.44350963190663606 0.040865386137738824 0.040865386137738824
0 0.5456730972509831 0.44230770878493786 0.028846154920756817 0.028846154920756817
0 0.682692333124578 0.42908655444625765 0.03365384740754962 0.03605769365094602
0 0.7896634909557179 0.42427886195946485 0.040865386137738824 0.040865386137738824
0 0.26322116365190595 0.013221154338680208 0.03605769365094602 0.026442308677360415
0 0.40384616889059544 0.0060096156084910035 0.043269232381135225 0.012019231216982007
0 0.5468750203726813 0.003605769365094602 0.03125000116415322 0.007211538730189204
0 0.6838942562462762 0.012019231216982007 0.03605769365094602 0.024038462433964014
0 0.7884615678340197 0.01562500058207661 0.043269232381135225 0.03125000116415322
