0 0.4939904030179605 0.3341346278320998 0.06490384857170284 0.09615384973585606
0 0.670673101907596 0.329326935345307 0.08173077227547765 0.09615384973585606
0 0.5420673278858885 0.3125000116415322 0.05528846359811723 0.10096154222264886
0 0.11778846592642367 0.3641827058745548 0.22115385439246893 0.28125001047737896
1 0.40144232264719903 0.3437500128056854 0.08173077227547765 0.09615384973585606
1 0.3004807804245502 0.3545673209009692 0.08173077227547765 0.12740385090000927
0 0.3389423203188926 0.2980769341811538 0.057692309841513634 0.09134615724906325
0 0.43389424693305045 0.3016827035462484 0.05048077111132443 0.07451923354528844
0 0.4939904030179605 0.10336538846604526 0.06490384857170284 0.09615384973585606
0 0.670673101907596 0.10817308095283806 0.08173077227547765 0.09615384973585606
0 0.5420673278858885 0.12500000465661287 0.05528846359811723 0.10096154222264886
0 0.11899038904812187 0.10817308095283806 0.22355770063586533 0.21634616190567613
1 0.40144232264719903 0.09375000349245965 0.08173077227547765 0.09615384973585606
1 0.3004807804245502 0.08533654164057225 0.08173077227547765 0.12740385090000927
0 0.3389423203188926 0.13942308211699128 0.057692309841513634 0.09134615724906325
0 0.43389424693305045 0.13822115899529308 0.05048077111132443 0.07451923354528844
