0 0.7199519498972222 0.2968750110594556 0.08894231100566685 0.09855769597925246
1 0.44471155502833426 0.26682693301700056 0.06730769481509924 0.10096154222264886
1 0.2980769341811538 0.27644231799058616 0.06730769481509924 0.09615384973585606
1 0.9194711880991235 0.27764424111228436 0.09375000349245965 0.11298077343963087
1 0.1562500058207661 0.24519231682643294 0.09615384973585606 0.12980769714340568
1 0.5588942515896633 0.26081731740850955 0.07932692603208125 0.10336538846604526
1 0.8762019557179883 0.27764424111228436 0.06490384857170284 0.09375000349245965
1 0.5072115573566407 0.27644231799058616 0.057692309841513634 0.07692307978868484
1 0.21754808502737433 0.28725962608586997 0.060096156084910035 0.08413461851887405
1 0.44591347815003246 0.020432693068869412 0.06971154105849564 0.040865386137738824
1 0.299278857302852 0.014423077460378408 0.06971154105849564 0.028846154920756817
1 0.9182692649774253 0.01802884682547301 0.09615384973585606 0.03605769365094602
1 0.1574519289424643 0.03846153989434242 0.09855769597925246 0.07692307978868484
1 0.5576923284679651 0.024038462433964014 0.08173077227547765 0.04807692486792803
1 0.8750000325962901 0.013221154338680208 0.06730769481509924 0.026442308677360415
1 0.5084134804783389 0.009615384973585606 0.060096156084910035 0.01923076994717121
