0 0.20552885381039232 0.4663461712189019 0.060096156084910035 0.06730769481509924
0 0.058894232963211834 0.41826924635097384 0.021634616190567613 0.03365384740754962
0 0.7944711834425107 0.40024039952550083 0.08894231100566685 0.10817308095283806
0 0.6634615631774068 0.42067309259437025 0.08173077227547765 0.10096154222264886
0 0.5805288677802309 0.377403860213235 0.060096156084910035 0.08173077227547765
0 0.4939904030179605 0.40504809201229364 0.060096156084910035 0.060096156084910035
0 0.43870193941984326 0.40985578449908644 0.05048077111132443 0.06971154105849564
0 0.3545673209009692 0.40144232264719903 0.04567307862453163 0.05288461735472083
0 0.2968750110594556 0.40625001513399184 0.04567307862453163 0.057692309841513634
0 0.25240385555662215 0.40264424576889724 0.03846153989434242 0.04567307862453163
0 0.21394231566227973 0.40264424576889724 0.03365384740754962 0.04567307862453163
0 0.1694711601594463 0.40985578449908644 0.03605769365094602 0.04567307862453163
0 0.12379808153491467 0.41706732322927564 0.03125000116415322 0.040865386137738824
