0 0.1766826988896355 0.5385542280273512 0.060096156084910035 0.06987951952032745
0 0.27043270238209516 0.5313253122149035 0.06490384857170284 0.06987951952032745
0 0.3629807827528566 0.5289156736107543 0.057692309841513634 0.065060242312029
0 0.41706732322927564 0.5048192875692621 0.06971154105849564 0.08915662835352123
0 0.5072115573566407 0.5337349508190528 0.05288461735472083 0.0746987967286259
0 0.5889423296321183 0.5120482033817098 0.057692309841513634 0.10361445997841656
0 0.6442307932302356 0.4951807331526652 0.03846153989434242 0.06024096510373056
0 0.7524038741830736 0.542168685933575 0.04807692486792803 0.07228915812447667
0 0.8617788782576099 0.4722891664132476 0.07932692603208125 0.10120482137426734
0 0.9711538823321462 0.5277108543086797 0.03365384740754962 0.05783132649958134
