0 0.5516827128594741 0.33734940458089113 0.06490384857170284 0.06746988091617823
0 0.7355769504792988 0.3228915729559958 0.057692309841513634 0.08192771254107356
0 0.3846153989434242 0.2807228973833844 0.057692309841513634 0.06024096510373056
0 0.7908654140774161 0.34819277829956263 0.057692309841513634 0.06024096510373056
0 0.7956731065642089 0.42530121363233775 0.057692309841513634 0.05060241068713367
0 0.20312500756699592 0.4518072382779792 0.06490384857170284 0.05060241068713367
0 0.5504807897377759 0.015662650926969945 0.06730769481509924 0.03132530185393989
0 0.736778873600997 0.026506024645641446 0.060096156084910035 0.05301204929128289
0 0.3846153989434242 0.0542168685933575 0.057692309841513634 0.06024096510373056
0 0.7920673371991143 0.008433735114522278 0.060096156084910035 0.016867470229044557
