0 0.11658654280472547 0.3617788596311584 0.07932692603208125 0.11778846592642367
0 0.8557692626491189 0.3786057833349332 0.06730769481509924 0.09375000349245965
0 0.6850961793679744 0.3617788596311584 0.09134615724906325 0.11778846592642367
0 0.3762019370915368 0.3677884752396494 0.07932692603208125 0.10096154222264886
0 0.9723558054538444 0.39543270703870803 0.05048077111132443 0.11778846592642367
0 0.43629809317644686 0.3810096295783296 0.05528846359811723 0.07451923354528844
0 0.24639423994813114 0.3882211683085188 0.05048077111132443 0.07451923354528844
0 0.4831730949226767 0.39423078391700983 0.05288461735472083 0.08173077227547765
0 0.6514423319604248 0.3677884752396494 0.057692309841513634 0.09615384973585606
0 0.5324519429123029 0.40625001513399184 0.03605769365094602 0.057692309841513634
1 0.5853365602670237 0.39062501455191523 0.040865386137738824 0.060096156084910035
0 0.305288472911343 0.40745193825569004 0.03846153989434242 0.05048077111132443
0 0.07692307978868484 0.39182693767361343 0.057692309841513634 0.08173077227547765
