0 0.8870192638132721 0.3509615515358746 0.08173077227547765 0.11057692719623446
0 0.22956731624435633 0.3641827058745548 0.09375000349245965 0.11778846592642367
0 0.13581731275189668 0.323317319736816 0.14182692836038768 0.1850961607415229
0 0.3509615515358746 0.3485577052924782 0.10576923470944166 0.1538461595773697
0 0.4771634793141857 0.3401442434405908 0.07451923354528844 0.09375000349245965
0 0.021634616190567613 0.383413475821726 0.043269232381135225 0.09375000349245965
1 0.5901442527538165 0.3449519359273836 0.09375000349245965 0.10817308095283806
1 0.772836567251943 0.3197115503717214 0.11778846592642367 0.1538461595773697
1 0.7199519498972222 0.3569711671443656 0.060096156084910035 0.10817308095283806
0 0.6658654094208032 0.3485577052924782 0.04807692486792803 0.08173077227547765
1 0.28485577984247357 0.3557692440226674 0.04567307862453163 0.09615384973585606
