0 0.5372596353990957 0.3891566345700994 0.06490384857170284 0.08433735114522278
0 0.45312501688022166 0.39518073108047247 0.07451923354528844 0.0963855441659689
0 0.9170673418557271 0.4084337434032932 0.05528846359811723 0.0746987967286259
0 0.24519231682643294 0.38072289945557714 0.09134615724906325 0.11566265299916267
0 0.706730795558542 0.38433735736180097 0.10096154222264886 0.108433737186715
0 0.8088942609028891 0.45903615409042686 0.05048077111132443 0.0746987967286259
0 0.6802884868811816 0.3879518152680248 0.06730769481509924 0.086746989749372
0 0.01923076994717121 0.43493976804893464 0.028846154920756817 0.045783133478835225
0 0.061298079206608236 0.43614458735100925 0.04567307862453163 0.06746988091617823
0 0.24639423994813114 0.015662650926969945 0.09375000349245965 0.03132530185393989
0 0.7079327186802402 0.012048193020746112 0.10336538846604526 0.024096386041492224
