0 0.07812500291038305 0.45192309375852346 0.01682692370377481 0.01923076994717121
0 0.44711540127173066 0.43629809317644686 0.01923076994717121 0.01682692370377481
0 0.5120192498434335 0.4987980955047533 0.024038462433964014 0.021634616190567613
0 0.8100961840245873 0.5132211729651317 0.028846154920756817 0.03605769365094602
0 0.933894265559502 0.5192307885736227 0.03605769365094602 0.03365384740754962
0 0.6754807943943888 0.44711540127173066 0.014423077460378408 0.014423077460378408
0 0.6634615631774068 0.43990386254154146 0.014423077460378408 0.014423077460378408
0 0.25240385555662215 0.40384616889059544 0.009615384973585606 0.014423077460378408
0 0.23798077809624374 0.41225963074248284 0.009615384973585606 0.012019231216982007
2 0.07211538730189204 0.4903846336528659 0.03846153989434242 0.09134615724906325
2 0.23798077809624374 0.43269232381135225 0.014423077460378408 0.057692309841513634
2 0.25600962492171675 0.42548078508116305 0.01682692370377481 0.04807692486792803
2 0.5144230960868299 0.5528846359811723 0.03846153989434242 0.13461538963019848
2 0.44110578566323966 0.45913463248871267 0.03125000116415322 0.06730769481509924
2 0.682692333124578 0.4855769411660731 0.028846154920756817 0.09134615724906325
2 0.6610577169340104 0.4723557868273929 0.01923076994717121 0.07932692603208125
2 0.8076923377811909 0.5793269446585327 0.07211538730189204 0.1538461595773697
2 0.9423077274113894 0.6069711764575914 0.10096154222264886 0.19951923820190132
0 0.07812500291038305 0.12500000465661287 0.01682692370377481 0.01923076994717121
0 0.07812500291038305 0.9615384973585606 0.01682692370377481 0.01923076994717121
0 0.44711540127173066 0.14302885148208588 0.01923076994717121 0.01682692370377481
0 0.44711540127173066 0.9795673441840336 0.01923076994717121 0.01682692370377481
0 0.5120192498434335 0.08052884915377945 0.024038462433964014 0.021634616190567613
0 0.5120192498434335 0.9170673418557271 0.024038462433964014 0.021634616190567613
0 0.8100961840245873 0.06610577169340104 0.028846154920756817 0.03605769365094602
0 0.8100961840245873 0.9026442643953487 0.028846154920756817 0.03605769365094602
0 0.933894265559502 0.057692309841513634 0.03605769365094602 0.03365384740754962
0 0.933894265559502 0.8942308025434613 0.03605769365094602 0.03365384740754962
0 0.6754807943943888 0.12980769714340568 0.014423077460378408 0.014423077460378408
0 0.6754807943943888 0.9663461898453534 0.014423077460378408 0.014423077460378408
0 0.6634615631774068 0.13701923587359488 0.014423077460378408 0.014423077460378408
0 0.6634615631774068 0.9735577285755426 0.014423077460378408 0.014423077460378408
0 0.25240385555662215 0.1730769295245409 0.009615384973585606 0.014423077460378408
0 0.23798077809624374 0.1670673139160499 0.009615384973585606 0.012019231216982007
0 0.23918270121794194 0.9963942678878084 0.012019231216982007 0.0024038462433964014
2 0.07211538730189204 0.08653846476227045 0.03846153989434242 0.09134615724906325
2 0.07211538730189204 0.9230769574642181 0.03846153989434242 0.09134615724906325
2 0.23798077809624374 0.14423077460378408 0.014423077460378408 0.057692309841513634
2 0.23918270121794194 0.9747596516972408 0.01682692370377481 0.04567307862453163
2 0.25600962492171675 0.1514423133339733 0.01682692370377481 0.04807692486792803
2 0.25480770180001855 0.9807692673057318 0.01923076994717121 0.03365384740754962
2 0.5156250192085281 0.04687500174622983 0.040865386137738824 0.09375000349245965
2 0.5144230960868299 0.8605769551359117 0.03846153989434242 0.13461538963019848
2 0.44110578566323966 0.11778846592642367 0.03125000116415322 0.06730769481509924
2 0.44110578566323966 0.9543269586283714 0.03125000116415322 0.06730769481509924
2 0.682692333124578 0.09134615724906325 0.028846154920756817 0.09134615724906325
2 0.682692333124578 0.9278846499510109 0.028846154920756817 0.09134615724906325
2 0.6610577169340104 0.10697115783113986 0.01923076994717121 0.07932692603208125
2 0.6610577169340104 0.9435096505330876 0.01923076994717121 0.07932692603208125
2 0.8088942609028891 0.03846153989434242 0.07451923354528844 0.07692307978868484
2 0.8076923377811909 0.8341346464585513 0.07211538730189204 0.1538461595773697
2 0.9435096505330876 0.03605769365094602 0.10336538846604526 0.07211538730189204
2 0.9423077274113894 0.8088942609028891 0.10096154222264886 0.19951923820190132
