0 0.7451923354528844 0.43629809317644686 0.1586538520641625 0.14663462084718049
0 0.5156250192085281 0.44350963190663606 0.09855769597925246 0.10336538846604526
0 0.45673078624531627 0.3016827035462484 0.10576923470944166 0.11298077343963087
0 0.20192308444529772 0.3305288584670052 0.10576923470944166 0.11298077343963087
2 0.3329327047104016 0.5901442527538165 0.1658653907943517 0.1754807757679373
1 0.28725962608586997 0.5360577122773975 0.06971154105849564 0.07211538730189204
2 0.7884615678340197 0.5588942515896633 0.365384628996253 0.40144232264719903
2 0.5528846359811723 0.5204327116953209 0.19711539195850492 0.25721154804341495
2 0.5132211729651317 0.3281250122236088 0.23798077809624374 0.1658653907943517
2 0.23317308560945094 0.3858173220651224 0.3557692440226674 0.23317308560945094
0 0.45793270936701447 0.044471155502833426 0.10817308095283806 0.08894231100566685
0 0.20312500756699592 0.030048078042455018 0.10817308095283806 0.060096156084910035
2 0.7896634909557179 0.9495192661415786 0.3677884752396494 0.09615384973585606
2 0.5120192498434335 0.044471155502833426 0.24038462433964014 0.08894231100566685
2 0.23437500873114914 0.03245192428585142 0.3581730902660638 0.06490384857170284
