0 0.7151442574104294 0.299278857302852 0.07451923354528844 0.09855769597925246
0 0.2968750110594556 0.3149038578849286 0.07932692603208125 0.09615384973585606
0 0.5300480966689065 0.28365385672077537 0.06971154105849564 0.08653846476227045
0 0.39783655328210443 0.3149038578849286 0.06490384857170284 0.08653846476227045
0 0.44471155502833426 0.27524039486888796 0.057692309841513634 0.07932692603208125
0 0.963942343601957 0.27884616423398256 0.05288461735472083 0.06730769481509924
0 0.23076923936605453 0.25841347116511315 0.04807692486792803 0.06490384857170284
0 0.9254808037076145 0.25120193243492395 0.057692309841513634 0.06971154105849564
0 0.14062500523868948 0.26682693301700056 0.04567307862453163 0.057692309841513634
0 0.5528846359811723 0.24879808619152755 0.057692309841513634 0.07932692603208125
0 0.44591347815003246 0.008413461851887405 0.060096156084910035 0.01682692370377481
0 0.23197116248775274 0.013221154338680208 0.05048077111132443 0.026442308677360415
0 0.9266827268293127 0.01802884682547301 0.060096156084910035 0.03605769365094602
0 0.13942308211699128 0.007211538730189204 0.04807692486792803 0.014423077460378408
0 0.5540865591028705 0.021634616190567613 0.060096156084910035 0.043269232381135225
