0 0.1802884682547301 0.4687500174622983 0.07211538730189204 0.09615384973585606
0 0.07091346418019384 0.43509617005474865 0.10336538846604526 0.12500000465661287
0 0.4663461712189019 0.4759615561924875 0.057692309841513634 0.07692307978868484
0 0.9158654187340289 0.42067309259437025 0.13461538963019848 0.1538461595773697
0 0.25000000931322575 0.4807692486792803 0.057692309841513634 0.07692307978868484
0 0.3317307815887034 0.4699519405839965 0.06250000232830644 0.06971154105849564
0 0.7932692603208125 0.4807692486792803 0.057692309841513634 0.08173077227547765
0 0.6562500244472176 0.46274040185380727 0.057692309841513634 0.06971154105849564
0 0.7415865660877898 0.45432694000191987 0.05048077111132443 0.07692307978868484
0 0.5733173290500417 0.4675480943406001 0.04567307862453163 0.06971154105849564
0 0.8533654164057225 0.4675480943406001 0.05288461735472083 0.10336538846604526
