0 0.706730795558542 0.42067309259437025 0.06730769481509924 0.09134615724906325
0 0.1526442364556715 0.41947116947267205 0.08413461851887405 0.09375000349245965
0 0.39182693767361343 0.40144232264719903 0.06250000232830644 0.08653846476227045
0 0.9375000349245965 0.44951924751512706 0.06730769481509924 0.08653846476227045
0 0.27403847174718976 0.41225963074248284 0.05288461735472083 0.07932692603208125
0 0.7656250285217538 0.44110578566323966 0.05528846359811723 0.06490384857170284
0 0.5841346371453255 0.44350963190663606 0.04807692486792803 0.06971154105849564
0 0.4879807874094695 0.40264424576889724 0.05288461735472083 0.06971154105849564
0 0.21995193127077073 0.44471155502833426 0.05048077111132443 0.06730769481509924
0 0.43870193941984326 0.41947116947267205 0.03605769365094602 0.060096156084910035
0 0.6262019464047626 0.43149040068965405 0.03605769365094602 0.06490384857170284
0 0.9026442643953487 0.42908655444625765 0.05048077111132443 0.06490384857170284
0 0.8473558007972315 0.43028847756795585 0.04567307862453163 0.06250000232830644
