0 0.6382211776217446 0.4397590452572331 0.07451923354528844 0.09397590556181967
0 0.3641827058745548 0.3759036222472787 0.04567307862453163 0.06746988091617823
0 0.4747596330707893 0.40361446619499475 0.03125000116415322 0.04096385627053678
0 0.5252404041821137 0.4000000082887709 0.03125000116415322 0.03855421766638756
1 0.766826951643452 0.390361453872174 0.04807692486792803 0.05783132649958134
0 0.41346155386418104 0.39518073108047247 0.028846154920756817 0.03855421766638756
0 0.6370192545000464 0.024096386041492224 0.07692307978868484 0.04819277208298445
0 0.3641827058745548 0.06265060370787978 0.04567307862453163 0.06746988091617823
0 0.4747596330707893 0.03734939836431295 0.03125000116415322 0.04096385627053678
0 0.5252404041821137 0.03855421766638756 0.03125000116415322 0.03855421766638756
1 0.766826951643452 0.04819277208298445 0.04807692486792803 0.05783132649958134
0 0.41346155386418104 0.043373494874686 0.028846154920756817 0.03855421766638756
