0 0.2674698850605637 0.5312500197906047 0.03373494045808911 0.043269232381135225
0 0.5108433840796351 0.5480769434943795 0.03373494045808911 0.043269232381135225
0 0.4722891664132476 0.5564904053462669 0.03373494045808911 0.03125000116415322
0 0.5590361561626196 0.5612980978330597 0.03373494045808911 0.05048077111132443
0 0.6180723019642755 0.5456730972509831 0.036144579062238336 0.03365384740754962
0 0.6421686880057678 0.5396634816424921 0.021686747437343 0.040865386137738824
0 0.6903614600887522 0.03725961677264422 0.026506024645641446 0.03125000116415322
0 0.325301211560145 0.5372596353990957 0.024096386041492224 0.026442308677360415
0 0.065060242312029 0.5312500197906047 0.03373494045808911 0.043269232381135225
0 0.9819277311908081 0.03725961677264422 0.026506024645641446 0.03125000116415322
0 0.0108433737186715 0.5360577122773975 0.021686747437343 0.028846154920756817
