0 0.9314904193161055 0.7698795340256765 0.08413461851887405 0.08433735114522278
0 0.6514423319604248 0.6373494107974693 0.057692309841513634 0.065060242312029
0 0.975961574818939 0.7204819426406175 0.043269232381135225 0.08192771254107356
0 0.5444711741292849 0.6084337475476786 0.04567307862453163 0.055421687895432115
0 0.01802884682547301 0.6891566407866776 0.03125000116415322 0.05783132649958134
0 0.12620192777831107 0.6698795319534838 0.040865386137738824 0.05783132649958134
0 0.21875000814907253 0.6734939898597077 0.043269232381135225 0.045783133478835225
0 0.21875000814907253 0.20120482344646007 0.03365384740754962 0.026506024645641446
0 0.28605770296417177 0.3566265134140849 0.03365384740754962 0.03373494045808911
0 0.42187501571606845 0.6156626633601263 0.040865386137738824 0.04096385627053678
0 0.598557714605704 0.709638568921946 0.05288461735472083 0.06987951952032745
0 0.4939904030179605 0.7024096531094983 0.05048077111132443 0.065060242312029
0 0.43750001629814506 0.7084337496198714 0.04807692486792803 0.06265060370787978
0 0.42908655444625765 0.6819277249742299 0.04567307862453163 0.05783132649958134
0 0.3497596284141764 0.6674698933493346 0.03605769365094602 0.043373494874686
0 0.5060096342349425 0.5349397701211274 0.040865386137738824 0.03373494045808911
0 0.4663461712189019 0.5096385647775605 0.028846154920756817 0.036144579062238336
0 0.389423091430217 0.520481938496232 0.03846153989434242 0.043373494874686
0 0.43750001629814506 0.44578314176760614 0.028846154920756817 0.043373494874686
0 0.39543270703870803 0.4626506119966507 0.026442308677360415 0.03373494045808911
1 0.7956731065642089 0.7144578461302444 0.057692309841513634 0.045783133478835225
0 0.9314904193161055 0.9000000186497346 0.08413461851887405 0.08433735114522278
0 0.975961574818939 0.9469879714306444 0.043269232381135225 0.08192771254107356
0 0.01682692370377481 0.9734939960762858 0.03365384740754962 0.04819277208298445
0 0.12500000465661287 0.9831325504928827 0.043269232381135225 0.02891566324979067
0 0.21995193127077073 0.9843373697949573 0.04567307862453163 0.026506024645641446
0 0.21875000814907253 0.13373494253028184 0.03365384740754962 0.026506024645641446
0 0.598557714605704 0.9602409837534651 0.05288461735472083 0.06987951952032745
0 0.4939904030179605 0.9674698995659128 0.05048077111132443 0.065060242312029
0 0.43750001629814506 0.9590361644513905 0.04807692486792803 0.06265060370787978
0 0.42788463132455945 0.9771084539825097 0.04807692486792803 0.04096385627053678
0 0.3485577052924782 0.9879518277011812 0.03846153989434242 0.01927710883319378
1 0.7956731065642089 0.9554217065451667 0.057692309841513634 0.045783133478835225
