0 0.24879808619152755 0.2578313306439668 0.06971154105849564 0.086746989749372
0 0.8581731088925153 0.29397590970620513 0.08653846476227045 0.09156626695767045
0 0.5961538683623075 0.2879518131958321 0.08173077227547765 0.08915662835352123
0 0.45432694000191987 0.36987952573690563 0.09615384973585606 0.09879518277011812
0 0.3437500128056854 0.3000000062165782 0.09615384973585606 0.1180722916033119
0 0.1730769295245409 0.2662650657584891 0.07211538730189204 0.065060242312029
0 0.3557692440226674 0.4301204908406362 0.057692309841513634 0.06987951952032745
0 0.24879808619152755 0.07951807393692434 0.06971154105849564 0.086746989749372
0 0.8593750320142135 0.045783133478835225 0.08894231100566685 0.09156626695767045
0 0.5961538683623075 0.05180722998920828 0.08173077227547765 0.08915662835352123
0 0.45552886312361807 0.00963855441659689 0.09855769597925246 0.01927710883319378
0 0.3449519359273836 0.04939759138505906 0.09855769597925246 0.09879518277011812
0 0.1730769295245409 0.07349397742655128 0.07211538730189204 0.065060242312029
