0 0.7572115666698664 0.30722892202902585 0.06730769481509924 0.06987951952032745
0 0.3341346278320998 0.27228916226886213 0.09134615724906325 0.09156626695767045
0 0.8497596470406279 0.30481928342487663 0.12740385090000927 0.13734940043650568
0 0.1826923144981265 0.29518072900827974 0.08173077227547765 0.08433735114522278
0 0.44591347815003246 0.5963855545269325 0.060096156084910035 0.055421687895432115
0 0.21875000814907253 0.281927716685459 0.057692309841513634 0.08192771254107356
0 0.03365384740754962 0.4746988050173968 0.057692309841513634 0.086746989749372
0 0.08774038788396865 0.2903614517999813 0.040865386137738824 0.055421687895432115
0 0.14182692836038768 0.29759036761242896 0.04807692486792803 0.055421687895432115
0 0.4855769411660731 0.4108433820074424 0.057692309841513634 0.05060241068713367
0 0.41586540010757744 0.4108433820074424 0.043269232381135225 0.05060241068713367
0 0.7572115666698664 0.13373494253028184 0.06730769481509924 0.06987951952032745
0 0.3341346278320998 0.16626506368629634 0.09134615724906325 0.09156626695767045
0 0.8497596470406279 0.13614458113443106 0.12740385090000927 0.13734940043650568
0 0.1826923144981265 0.14578313555102795 0.08173077227547765 0.08433735114522278
0 0.44591347815003246 0.969879538170062 0.060096156084910035 0.055421687895432115
0 0.21875000814907253 0.15662650926969945 0.057692309841513634 0.08192771254107356
0 0.08774038788396865 0.1506024127593264 0.040865386137738824 0.055421687895432115
0 0.14182692836038768 0.14337349694687873 0.04807692486792803 0.055421687895432115
0 0.4855769411660731 0.03012048255186528 0.057692309841513634 0.05060241068713367
0 0.41586540010757744 0.03012048255186528 0.043269232381135225 0.05060241068713367
