0 0.682692333124578 0.27524039486888796 0.08653846476227045 0.12740385090000927
0 0.3810096295783296 0.3545673209009692 0.11778846592642367 0.12740385090000927
0 0.760817336034961 0.25360577867832035 0.13221154338680208 0.1802884682547301
0 0.3665865521179512 0.1526442364556715 0.06971154105849564 0.08894231100566685
0 0.27884616423398256 0.1887019301066175 0.03365384740754962 0.03605769365094602
0 0.44471155502833426 0.22475962375756353 0.04807692486792803 0.05048077111132443
0 0.6129807920660824 0.1670673139160499 0.057692309841513634 0.06490384857170284
0 0.5516827128594741 0.1935096225934103 0.03605769365094602 0.04567307862453163
0 0.42187501571606845 0.1550480826990679 0.05048077111132443 0.04567307862453163
0 0.9651442667236552 0.27403847174718976 0.06490384857170284 0.12980769714340568
0 0.9002404181519523 0.25360577867832035 0.13221154338680208 0.1802884682547301
0 0.05288461735472083 0.1887019301066175 0.03365384740754962 0.03605769365094602
