0 0.8269231077283621 0.30843374133110046 0.1586538520641625 0.19759036554023623
0 0.5877404065104201 0.3638554292265326 0.12740385090000927 0.18795181112363935
0 0.27524039486888796 0.34096386248711497 0.14182692836038768 0.20000000414438546
0 0.42908655444625765 0.39156627317424864 0.10336538846604526 0.13734940043650568
0 0.6514423319604248 0.40481928549706936 0.057692309841513634 0.11084337579086423
0 0.12980769714340568 0.368674706434831 0.08173077227547765 0.14457831624895334
1 0.5084134804783389 0.3987951889866963 0.05528846359811723 0.09397590556181967
0 0.19951923820190132 0.346987958997488 0.05288461735472083 0.16385542508214712
0 0.8281250308500603 0.06265060370787978 0.1610576983075589 0.12530120741575956
0 0.5865384833887219 0.0325301211560145 0.12980769714340568 0.065060242312029
0 0.27403847174718976 0.046987952780909836 0.14423077460378408 0.09397590556181967
0 0.13100962026510388 0.01927710883319378 0.08413461851887405 0.03855421766638756
0 0.20072116132359952 0.034939759760163724 0.05528846359811723 0.06987951952032745
