1 0.11177885031793267 0.5373494087252766 0.03605769365094602 0.03373494045808911
1 0.20913462317548692 0.5289156736107543 0.03365384740754962 0.04096385627053678
1 0.25721154804341495 0.5228915771003813 0.028846154920756817 0.03855421766638756
1 0.3786057833349332 0.5216867577983066 0.04567307862453163 0.04096385627053678
1 0.5408654047641903 0.5337349508190528 0.028846154920756817 0.036144579062238336
1 0.5913461758755147 0.520481938496232 0.03365384740754962 0.03855421766638756
1 0.6634615631774068 0.5240963964024559 0.03846153989434242 0.04096385627053678
1 0.7439904123311862 0.5240963964024559 0.03125000116415322 0.036144579062238336
1 0.7836538753472269 0.5325301315169781 0.024038462433964014 0.03373494045808911
1 0.8088942609028891 0.5120482033817098 0.040865386137738824 0.04096385627053678
