0 0.058894232963211834 0.299278857302852 0.11778846592642367 0.1706730832811445
0 0.5805288677802309 0.3221153966151178 0.09375000349245965 0.11057692719623446
0 0.3076923191547394 0.3329327047104016 0.10096154222264886 0.12259615841321647
0 0.7704327210085467 0.2956730879377574 0.10336538846604526 0.13461538963019848
0 0.42668270820286125 0.3257211659802124 0.08413461851887405 0.11778846592642367
0 0.1802884682547301 0.3497596284141764 0.11538461968302727 0.13701923587359488
0 0.8822115713264793 0.3581730902660638 0.07692307978868484 0.12019231216982007
0 0.058894232963211834 0.060096156084910035 0.11778846592642367 0.12019231216982007
0 0.5793269446585327 0.03365384740754962 0.09615384973585606 0.06730769481509924
0 0.3088942422764376 0.03125000116415322 0.10336538846604526 0.06250000232830644
0 0.7692307978868484 0.05288461735472083 0.10576923470944166 0.10576923470944166
0 0.42548078508116305 0.03365384740754962 0.08653846476227045 0.06730769481509924
0 0.1814903913764283 0.026442308677360415 0.11778846592642367 0.05288461735472083
0 0.8834134944481775 0.01802884682547301 0.07932692603208125 0.03605769365094602
