1 0.8076923377811909 0.46033655561041087 0.06250000232830644 0.07451923354528844
1 0.7343750273576006 0.43750001629814506 0.07932692603208125 0.09615384973585606
1 0.09495192661415786 0.45072117063682526 0.11298077343963087 0.12740385090000927
1 0.21875000814907253 0.43028847756795585 0.07211538730189204 0.08173077227547765
1 0.44230770878493786 0.43750001629814506 0.057692309841513634 0.08173077227547765
1 0.335336550953798 0.39182693767361343 0.09375000349245965 0.11538461968302727
1 0.5769230984151363 0.45673078624531627 0.05288461735472083 0.07692307978868484
1 0.6550481013255194 0.44711540127173066 0.05528846359811723 0.06730769481509924
1 0.8822115713264793 0.43269232381135225 0.057692309841513634 0.07211538730189204
1 0.025240385555662215 0.43990386254154146 0.04567307862453163 0.10096154222264886
1 0.5408654047641903 0.45793270936701447 0.043269232381135225 0.06971154105849564
1 0.5108173267217353 0.45793270936701447 0.026442308677360415 0.04567307862453163
