0 0.8088942609028891 0.1742788526462391 0.08413461851887405 0.09375000349245965
0 0.6358173313783482 0.46033655561041087 0.19951923820190132 0.1658653907943517
0 0.12860577402170748 0.19831731508020312 0.09375000349245965 0.09855769597925246
0 0.45192309375852346 0.19831731508020312 0.1538461595773697 0.14182692836038768
0 0.3269230891019106 0.29086539545096457 0.05288461735472083 0.08173077227547765
0 0.021634616190567613 0.23317308560945094 0.043269232381135225 0.07211538730189204
0 0.8088942609028891 0.07812500291038305 0.08413461851887405 0.09375000349245965
0 0.12860577402170748 0.05408654047641903 0.09375000349245965 0.09855769597925246
0 0.45312501688022166 0.06250000232830644 0.1562500058207661 0.12500000465661287
0 0.022836539312265813 0.027644231799058616 0.04567307862453163 0.05528846359811723
