0 0.563855433370918 0.4891827105311677 0.043373494874686 0.03605769365094602
0 0.19879518484231085 0.4891827105311677 0.045783133478835225 0.06490384857170284
0 0.7397590514738113 0.41466347698587924 0.04819277208298445 0.04567307862453163
0 0.2915662711020559 0.46033655561041087 0.03855421766638756 0.05048077111132443
0 0.6710843512555584 0.5156250192085281 0.05060241068713367 0.040865386137738824
0 0.6385542300995439 0.5144230960868299 0.043373494874686 0.03846153989434242
0 0.42409639433026314 0.4807692486792803 0.02891566324979067 0.028846154920756817
0 0.3879518152680248 0.45432694000191987 0.02891566324979067 0.028846154920756817
0 0.3662650678306818 0.44711540127173066 0.024096386041492224 0.03365384740754962
0 0.10240964067634195 0.4891827105311677 0.045783133478835225 0.06490384857170284
0 0.963855441659689 0.41466347698587924 0.04819277208298445 0.04567307862453163
0 0.014457831624895334 0.45913463248871267 0.02891566324979067 0.05288461735472083
