0 0.7175481036538258 0.3545673209009692 0.07932692603208125 0.09375000349245965
0 0.3088942422764376 0.3641827058745548 0.09855769597925246 0.08894231100566685
0 0.5877404065104201 0.3365384740754962 0.04567307862453163 0.057692309841513634
0 0.5600961747113615 0.3281250122236088 0.028846154920756817 0.040865386137738824
0 0.628605792648159 0.3365384740754962 0.040865386137738824 0.057692309841513634
0 0.46514424809720367 0.3557692440226674 0.021634616190567613 0.03365384740754962
1 0.9495192661415786 0.3389423203188926 0.028846154920756817 0.03365384740754962
0 0.6694711787858978 0.3389423203188926 0.026442308677360415 0.03846153989434242
0 0.7163461805321276 0.013221154338680208 0.08173077227547765 0.026442308677360415
0 0.5865384833887219 0.013221154338680208 0.04807692486792803 0.026442308677360415
0 0.5612980978330597 0.013221154338680208 0.03125000116415322 0.026442308677360415
0 0.6274038695264608 0.013221154338680208 0.043269232381135225 0.026442308677360415
1 0.9507211892632768 0.0060096156084910035 0.03125000116415322 0.012019231216982007
0 0.6682692556641996 0.007211538730189204 0.028846154920756817 0.014423077460378408
