0 0.45673078624531627 0.46033655561041087 0.03365384740754962 0.04567307862453163
0 0.658653870690614 0.4915865567745641 0.03365384740754962 0.03605769365094602
0 0.09134615724906325 0.4735577099490911 0.028846154920756817 0.043269232381135225
0 0.14182692836038768 0.4867788642877713 0.028846154920756817 0.03605769365094602
0 0.39302886079531163 0.44951924751512706 0.026442308677360415 0.03846153989434242
0 0.7596154129132628 0.4831730949226767 0.028846154920756817 0.04807692486792803
0 0.5528846359811723 0.41466347698587924 0.024038462433964014 0.03605769365094602
0 0.5312500197906047 0.39663463016040623 0.028846154920756817 0.03846153989434242
0 0.7992788759293035 0.45673078624531627 0.026442308677360415 0.04807692486792803
0 0.604567330214195 0.3846153989434242 0.03125000116415322 0.03365384740754962
