0 0.5192307885736227 0.3530120555078611 0.06250000232830644 0.08433735114522278
0 0.652644255082123 0.3433735010912642 0.05528846359811723 0.07951807393692434
0 0.335336550953798 0.36024097132030874 0.05048077111132443 0.06024096510373056
0 0.21754808502737433 0.3650602485286072 0.05048077111132443 0.06024096510373056
0 0.7283654117491096 0.3421686817891896 0.10096154222264886 0.11084337579086423
0 0.5192307885736227 0.08313253184314817 0.06250000232830644 0.08433735114522278
0 0.652644255082123 0.09277108625974506 0.05528846359811723 0.07951807393692434
0 0.335336550953798 0.0759036160307005 0.05048077111132443 0.06024096510373056
0 0.21754808502737433 0.07108433882240206 0.05048077111132443 0.06024096510373056
0 0.7283654117491096 0.09156626695767045 0.10096154222264886 0.11084337579086423
