0 0.5540865591028705 0.4734939857153222 0.026442308677360415 0.04096385627053678
0 0.23798077809624374 0.45903615409042686 0.07692307978868484 0.09879518277011812
0 0.39182693767361343 0.48072290152776986 0.057692309841513634 0.06024096510373056
0 0.5829327140236273 0.4734939857153222 0.021634616190567613 0.045783133478835225
0 0.670673101907596 0.46987952780909836 0.03365384740754962 0.043373494874686
0 0.7103365649236366 0.4638554312987253 0.04567307862453163 0.06024096510373056
0 0.7956731065642089 0.48795181734021753 0.05288461735472083 0.06024096510373056
0 0.8149038765113801 0.4530120575800538 0.043269232381135225 0.06265060370787978
0 0.8930288794217631 0.4650602506007999 0.06971154105849564 0.08192771254107356
1 0.6081730995792896 0.4734939857153222 0.043269232381135225 0.06024096510373056
