0 0.7824519522255287 0.43493976804893464 0.07932692603208125 0.09879518277011812
0 0.9062500337604433 0.3975903696846217 0.12980769714340568 0.1397590390406549
0 0.5865384833887219 0.4084337434032932 0.08653846476227045 0.09879518277011812
0 0.43870193941984326 0.40602410479914397 0.10336538846604526 0.1180722916033119
0 0.3100961653981358 0.3771084415493533 0.11538461968302727 0.13734940043650568
0 0.13100962026510388 0.44939759967383 0.08894231100566685 0.108433737186715
0 0.3725961677264422 0.45542169618420303 0.06250000232830644 0.07710843533277512
0 0.04927884798962623 0.40481928549706936 0.09375000349245965 0.16867470229044557
0 0.6370192545000464 0.4216867557261139 0.043269232381135225 0.09156626695767045
0 0.311298088519834 0.015662650926969945 0.11778846592642367 0.03132530185393989
