0 0.22475962375756353 0.3891566345700994 0.08413461851887405 0.09879518277011812
0 0.11658654280472547 0.3120481992373243 0.11778846592642367 0.13734940043650568
0 0.8701923401094973 0.4096385627053678 0.07211538730189204 0.07710843533277512
0 0.7079327186802402 0.38072289945557714 0.09855769597925246 0.10602409858256578
0 0.3858173220651224 0.368674706434831 0.08413461851887405 0.10120482137426734
0 0.5072115573566407 0.38433735736180097 0.07211538730189204 0.09879518277011812
0 0.22355770063586533 0.016867470229044557 0.08653846476227045 0.03373494045808911
0 0.11538461968302727 0.065060242312029 0.12019231216982007 0.130120484624058
0 0.706730795558542 0.022891566739417613 0.10096154222264886 0.045783133478835225
0 0.3846153989434242 0.027710843947716057 0.08653846476227045 0.055421687895432115
0 0.5084134804783389 0.01927710883319378 0.07451923354528844 0.03855421766638756
