0 0.45913463248871267 0.24457831832114607 0.04807692486792803 0.045783133478835225
0 0.7463942585745826 0.8385542342439294 0.040865386137738824 0.043373494874686
0 0.8112981071462855 0.8433735114522278 0.04567307862453163 0.043373494874686
0 0.5781250215368345 0.21084337786305696 0.03605769365094602 0.05060241068713367
0 0.7632211822783574 0.8060241130879149 0.040865386137738824 0.026506024645641446
0 0.6430288701085374 0.2253012094879523 0.03605769365094602 0.03132530185393989
0 0.8004807990510017 0.8108433902962133 0.03365384740754962 0.036144579062238336
0 0.9483173430198804 0.8385542342439294 0.040865386137738824 0.043373494874686
0 0.8834134944481775 0.8433735114522278 0.04567307862453163 0.043373494874686
0 0.9314904193161055 0.8060241130879149 0.040865386137738824 0.026506024645641446
0 0.8918269563000649 0.8108433902962133 0.03365384740754962 0.036144579062238336
