1 0.6310096388915554 0.4301204908406362 0.05528846359811723 0.06987951952032745
1 0.6935096412198618 0.43373494874686 0.06490384857170284 0.08192771254107356
1 0.1766826988896355 0.4289156715385616 0.05048077111132443 0.07710843533277512
1 0.22475962375756353 0.4289156715385616 0.04567307862453163 0.06746988091617823
1 0.5396634816424921 0.4313253101427108 0.05048077111132443 0.06746988091617823
1 0.39302886079531163 0.44578314176760614 0.05048077111132443 0.06265060370787978
1 0.03485577052924782 0.4650602506007999 0.05048077111132443 0.05783132649958134
1 0.04567307862453163 0.4325301294447854 0.03846153989434242 0.045783133478835225
1 0.3245192428585142 0.43373494874686 0.03846153989434242 0.04819277208298445
1 0.2980769341811538 0.4313253101427108 0.028846154920756817 0.05301204929128289
1 0.45312501688022166 0.4433735031634569 0.03605769365094602 0.05301204929128289
