0 0.3437500128056854 0.4759036243194714 0.043269232381135225 0.045783133478835225
1 0.5625000209547579 0.4843373594339937 0.043269232381135225 0.043373494874686
1 0.9194711880991235 0.49036145594436675 0.04567307862453163 0.05060241068713367
1 0.45432694000191987 0.48795181734021753 0.03365384740754962 0.04096385627053678
1 0.23197116248775274 0.4963855524547398 0.04567307862453163 0.043373494874686
1 0.06490384857170284 0.5192771191941574 0.057692309841513634 0.065060242312029
1 0.11057692719623446 0.4939759138505906 0.03365384740754962 0.05301204929128289
1 0.389423091430217 0.492771094548516 0.03365384740754962 0.04096385627053678
1 0.28004808735568076 0.4855421787360683 0.040865386137738824 0.045783133478835225
1 0.1550480826990679 0.4819277208298445 0.03125000116415322 0.04819277208298445
1 0.1875000069849193 0.49156627524644136 0.03365384740754962 0.043373494874686
