0 0.28004808735568076 0.368674706434831 0.06490384857170284 0.08192771254107356
0 0.8305288770934567 0.3204819343518466 0.05528846359811723 0.0963855441659689
0 0.6754807943943888 0.3144578378414735 0.10096154222264886 0.1180722916033119
1 0.4675480943406001 0.30722892202902585 0.07451923354528844 0.10361445997841656
0 0.7968750296859071 0.3228915729559958 0.03605769365094602 0.08192771254107356
0 0.5600961747113615 0.3650602485286072 0.03846153989434242 0.05060241068713367
0 0.28004808735568076 0.09397590556181967 0.06490384857170284 0.08192771254107356
0 0.8305288770934567 0.14216867764480412 0.05528846359811723 0.0963855441659689
0 0.6754807943943888 0.1506024127593264 0.10096154222264886 0.1180722916033119
1 0.4675480943406001 0.15783132857177407 0.07451923354528844 0.10361445997841656
0 0.7968750296859071 0.1397590390406549 0.03605769365094602 0.08192771254107356
0 0.5600961747113615 0.10000000207219273 0.03846153989434242 0.05060241068713367
