0 0.7223557961406186 0.4734939857153222 0.07451923354528844 0.06987951952032745
0 0.329326935345307 0.303614464122802 0.057692309841513634 0.05301204929128289
0 0.42668270820286125 0.2891566324979067 0.05048077111132443 0.06265060370787978
0 0.3317307815887034 0.16746988298837095 0.043269232381135225 0.055421687895432115
0 0.6274038695264608 0.16626506368629634 0.04807692486792803 0.05783132649958134
0 0.8076923377811909 0.4867469980381429 0.057692309841513634 0.06746988091617823
1 0.1622596214292571 0.281927716685459 0.040865386137738824 0.043373494874686
1 0.043269232381135225 0.1819277146132663 0.024038462433964014 0.045783133478835225
1 0.8449519545538351 0.3000000062165782 0.040865386137738824 0.045783133478835225
1 0.7968750296859071 0.24939759552944452 0.040865386137738824 0.045783133478835225
1 0.7343750273576006 0.22771084809210151 0.04567307862453163 0.05060241068713367
1 0.6093750227009878 0.44819278037175536 0.05528846359811723 0.04819277208298445
1 0.4975961723830551 0.36987952573690563 0.057692309841513634 0.045783133478835225
1 0.5865384833887219 0.3759036222472787 0.057692309841513634 0.04819277208298445
1 0.2956730879377574 0.19879518484231085 0.043269232381135225 0.04096385627053678
1 0.41826924635097384 0.1819277146132663 0.03365384740754962 0.045783133478835225
1 0.44831732439342886 0.17469879880081862 0.03605769365094602 0.045783133478835225
1 0.4807692486792803 0.1843373532174155 0.03365384740754962 0.045783133478835225
1 0.5168269423302263 0.17831325670704246 0.03365384740754962 0.043373494874686
1 0.5588942515896633 0.1602409671759233 0.05048077111132443 0.055421687895432115
0 0.3329327047104016 0.015662650926969945 0.04567307862453163 0.03132530185393989
0 0.628605792648159 0.016867470229044557 0.05048077111132443 0.03373494045808911
1 0.044471155502833426 0.006024096510373056 0.026442308677360415 0.012048193020746112
1 0.41947116947267205 0.006024096510373056 0.03605769365094602 0.012048193020746112
1 0.44711540127173066 0.00963855441659689 0.03846153989434242 0.01927710883319378
1 0.4819711718009785 0.004819277208298445 0.03605769365094602 0.00963855441659689
1 0.5180288654519245 0.007228915812447667 0.03605769365094602 0.014457831624895334
1 0.5576923284679651 0.01927710883319378 0.05288461735472083 0.03855421766638756
