1 0.9230769574642181 0.6033654070924968 0.05288461735472083 0.057692309841513634
1 0.3329327047104016 0.4783654024358839 0.04567307862453163 0.057692309841513634
1 0.22475962375756353 0.4711538637056947 0.04567307862453163 0.05288461735472083
1 0.08052884915377945 0.46274040185380727 0.05528846359811723 0.060096156084910035
1 0.28605770296417177 0.4867788642877713 0.04807692486792803 0.06490384857170284
1 0.45192309375852346 0.5096154036000371 0.043269232381135225 0.06250000232830644
1 0.5841346371453255 0.5252404041821137 0.028846154920756817 0.040865386137738824
1 0.6093750227009878 0.5372596353990957 0.03605769365094602 0.05048077111132443
1 0.778846182860434 0.5468750203726813 0.03846153989434242 0.040865386137738824
1 0.7704327210085467 0.5757211752934381 0.040865386137738824 0.05048077111132443
1 0.9242788805859163 0.9795673441840336 0.05528846359811723 0.03605769365094602
