0 0.14543269772548229 0.6562500244472176 0.06490384857170284 0.06250000232830644
0 0.40024039952550083 0.7524038741830736 0.060096156084910035 0.057692309841513634
0 0.3004807804245502 0.6189904076745734 0.06250000232830644 0.07451923354528844
0 0.04807692486792803 0.4723557868273929 0.057692309841513634 0.05528846359811723
0 0.3870192451868206 0.4759615561924875 0.043269232381135225 0.05288461735472083
0 0.39423078391700983 0.628605792648159 0.06730769481509924 0.06971154105849564
1 0.12019231216982007 0.5336538660340011 0.057692309841513634 0.06250000232830644
1 0.22596154687926173 0.7451923354528844 0.06250000232830644 0.06250000232830644
1 0.5000000186264515 0.604567330214195 0.057692309841513634 0.040865386137738824
0 0.14543269772548229 0.9495192661415786 0.06490384857170284 0.06250000232830644
0 0.40024039952550083 0.8533654164057225 0.060096156084910035 0.057692309841513634
0 0.3016827035462484 0.9735577285755426 0.06490384857170284 0.04807692486792803
0 0.39543270703870803 0.969951959210448 0.06971154105849564 0.05528846359811723
1 0.22596154687926173 0.8605769551359117 0.06250000232830644 0.06250000232830644
1 0.5012019417481497 0.9891827291576192 0.060096156084910035 0.01682692370377481
