0 0.24278847058303654 0.39783655328210443 0.057692309841513634 0.06490384857170284
1 0.3605769365094602 0.40625001513399184 0.057692309841513634 0.07211538730189204
1 0.13581731275189668 0.40264424576889724 0.06490384857170284 0.07932692603208125
1 0.7415865660877898 0.39903847640380263 0.05048077111132443 0.06250000232830644
1 0.8605769551359117 0.40144232264719903 0.05288461735472083 0.057692309841513634
1 0.5108173267217353 0.383413475821726 0.05528846359811723 0.06971154105849564
1 0.6658654094208032 0.39903847640380263 0.057692309841513634 0.06730769481509924
1 0.45312501688022166 0.39903847640380263 0.040865386137738824 0.05288461735472083
1 0.3185096272500232 0.39062501455191523 0.040865386137738824 0.05048077111132443
1 0.5937500221189111 0.389423091430217 0.03365384740754962 0.043269232381135225
