0 0.20312500756699592 0.45552886312361807 0.05528846359811723 0.07932692603208125
0 0.42187501571606845 0.44951924751512706 0.060096156084910035 0.08173077227547765
0 0.5889423296321183 0.42668270820286125 0.06730769481509924 0.08413461851887405
0 0.3329327047104016 0.46394232497550547 0.05048077111132443 0.08173077227547765
0 0.4975961723830551 0.44711540127173066 0.05288461735472083 0.07692307978868484
0 0.8221154152415693 0.43629809317644686 0.04807692486792803 0.07451923354528844
1 0.7331731042359024 0.42067309259437025 0.05288461735472083 0.08173077227547765
0 0.9170673418557271 0.46394232497550547 0.05048077111132443 0.06250000232830644
0 0.8834134944481775 0.45793270936701447 0.03605769365094602 0.060096156084910035
1 0.963942343601957 0.44831732439342886 0.03846153989434242 0.060096156084910035
