0 0.39062501455191523 0.29638554831035435 0.06490384857170284 0.086746989749372
0 0.28966347232926637 0.2927710904041305 0.07932692603208125 0.108433737186715
0 0.7944711834425107 0.31807229574769735 0.07451923354528844 0.0963855441659689
0 0.610576945822686 0.3108433799352497 0.08173077227547765 0.11084337579086423
0 0.5456730972509831 0.2987951869145036 0.05288461735472083 0.086746989749372
0 0.8918269563000649 0.29759036761242896 0.11538461968302727 0.14216867764480412
0 0.06370192545000464 0.31566265714354813 0.11778846592642367 0.13493976183235645
0 0.7451923354528844 0.3216867536539212 0.06250000232830644 0.09397590556181967
0 0.389423091430217 0.024096386041492224 0.06730769481509924 0.04819277208298445
0 0.28846154920756817 0.03132530185393989 0.08173077227547765 0.06265060370787978
0 0.7932692603208125 0.015662650926969945 0.07692307978868484 0.03132530185393989
0 0.6117788689443842 0.022891566739417613 0.08413461851887405 0.045783133478835225
0 0.5468750203726813 0.022891566739417613 0.05528846359811723 0.045783133478835225
0 0.8930288794217631 0.03734939836431295 0.11778846592642367 0.0746987967286259
0 0.06250000232830644 0.026506024645641446 0.12019231216982007 0.05301204929128289
0 0.7463942585745826 0.013253012322820723 0.06490384857170284 0.026506024645641446
