1 0.4771634793141857 0.44698796106968075 0.03605769365094602 0.05060241068713367
1 0.08293269539717585 0.4301204908406362 0.05528846359811723 0.06024096510373056
1 0.21875000814907253 0.4433735031634569 0.04807692486792803 0.05783132649958134
1 0.1911057763500139 0.43614458735100925 0.03125000116415322 0.043373494874686
1 0.28245193359907717 0.4325301294447854 0.040865386137738824 0.055421687895432115
1 0.3076923191547394 0.4518072382779792 0.03846153989434242 0.045783133478835225
1 0.3545673209009692 0.45903615409042686 0.040865386137738824 0.055421687895432115
1 0.39182693767361343 0.4602409733925015 0.03365384740754962 0.04819277208298445
1 0.652644255082123 0.44578314176760614 0.05528846359811723 0.05783132649958134
1 0.9567308048717678 0.4614457926945761 0.03365384740754962 0.045783133478835225
1 0.933894265559502 0.46626506990287453 0.026442308677360415 0.04096385627053678
1 0.8257211846066639 0.471084347111173 0.04567307862453163 0.05060241068713367
1 0.7319711811142042 0.4542168768821284 0.040865386137738824 0.05060241068713367
