0 0.3016827035462484 0.44831732439342886 0.05528846359811723 0.06971154105849564
0 0.6899038718547672 0.42668270820286125 0.06250000232830644 0.060096156084910035
0 0.8461538776755333 0.43389424693305045 0.057692309841513634 0.06490384857170284
0 0.4759615561924875 0.28004808735568076 0.03846153989434242 0.04567307862453163
0 0.7800481059821323 0.25841347116511315 0.040865386137738824 0.05048077111132443
1 0.5901442527538165 0.23317308560945094 0.04567307862453163 0.04807692486792803
1 0.8641827245010063 0.22355770063586533 0.04567307862453163 0.057692309841513634
0 0.4759615561924875 0.030048078042455018 0.03846153989434242 0.04567307862453163
0 0.7800481059821323 0.05168269423302263 0.040865386137738824 0.05048077111132443
1 0.5901442527538165 0.07451923354528844 0.04567307862453163 0.04807692486792803
1 0.8641827245010063 0.08413461851887405 0.04567307862453163 0.057692309841513634
