0 0.08533654164057225 0.3421686817891896 0.07451923354528844 0.086746989749372
0 0.41586540010757744 0.32771085016429424 0.11057692719623446 0.130120484624058
0 0.25961539428681135 0.32650603086221963 0.04807692486792803 0.06024096510373056
0 0.5661057903198525 0.33855422388296574 0.04567307862453163 0.065060242312029
0 0.13221154338680208 0.43373494874686 0.05288461735472083 0.06746988091617823
0 0.3028846266679466 0.3228915729559958 0.03365384740754962 0.04819277208298445
0 0.08413461851887405 0.018072289531119168 0.07692307978868484 0.036144579062238336
0 0.41706732322927564 0.036144579062238336 0.11298077343963087 0.07228915812447667
0 0.26081731740850955 0.01927710883319378 0.05048077111132443 0.03855421766638756
0 0.5649038671981543 0.014457831624895334 0.04807692486792803 0.02891566324979067
0 0.3040865497896448 0.018072289531119168 0.03605769365094602 0.036144579062238336
