0 0.8084337516920641 0.5108433840796351 0.026506024645641446 0.03373494045808911
0 0.7734939919319004 0.5253012157045305 0.024096386041492224 0.02891566324979067
0 0.7012048338074237 0.5156626612879336 0.024096386041492224 0.02891566324979067
0 0.6024096510373056 0.5180722998920828 0.024096386041492224 0.024096386041492224
0 0.5819277229020372 0.520481938496232 0.016867470229044557 0.024096386041492224
0 0.46746988920494914 0.5156626612879336 0.024096386041492224 0.02891566324979067
0 0.40481928549706936 0.5325301315169781 0.03855421766638756 0.05301204929128289
0 0.3879518152680248 0.5228915771003813 0.02891566324979067 0.04819277208298445
0 0.368674706434831 0.5108433840796351 0.01927710883319378 0.02891566324979067
0 0.3445783203933388 0.5180722998920828 0.01927710883319378 0.024096386041492224
0 0.8686747167957947 0.5108433840796351 0.026506024645641446 0.03373494045808911
0 0.9012048379518092 0.5253012157045305 0.024096386041492224 0.02891566324979067
0 0.9734939960762858 0.5156626612879336 0.024096386041492224 0.02891566324979067
