0 0.5937500221189111 0.23437500873114914 0.06730769481509924 0.09855769597925246
0 0.7560096435481682 0.26081731740850955 0.1562500058207661 0.1802884682547301
0 0.4903846336528659 0.25841347116511315 0.09134615724906325 0.10817308095283806
0 0.9254808037076145 0.26081731740850955 0.12019231216982007 0.1658653907943517
0 0.1911057763500139 0.28004808735568076 0.05528846359811723 0.07451923354528844
0 0.42067309259437025 0.3281250122236088 0.12500000465661287 0.1514423133339733
0 0.5480769434943795 0.26802885613869876 0.043269232381135225 0.06490384857170284
0 0.8485577239189297 0.24759616306982934 0.05288461735472083 0.09134615724906325
0 0.25360577867832035 0.29206731857266277 0.03605769365094602 0.05528846359811723
0 0.317307704128325 0.29086539545096457 0.03365384740754962 0.04807692486792803
0 0.3557692440226674 0.28365385672077537 0.03846153989434242 0.05288461735472083
0 0.22475962375756353 0.27283654862549156 0.040865386137738824 0.05048077111132443
0 0.5937500221189111 0.09975961910095066 0.06730769481509924 0.09855769597925246
0 0.75480772042647 0.08173077227547765 0.1586538520641625 0.1634615445509553
0 0.4903846336528659 0.07572115666698664 0.09134615724906325 0.10817308095283806
0 0.9266827268293127 0.07812500291038305 0.12259615841321647 0.1562500058207661
0 0.1911057763500139 0.05408654047641903 0.05528846359811723 0.07451923354528844
0 0.42187501571606845 0.040865386137738824 0.12740385090000927 0.08173077227547765
0 0.5480769434943795 0.06610577169340104 0.043269232381135225 0.06490384857170284
0 0.8485577239189297 0.08413461851887405 0.05288461735472083 0.09134615724906325
0 0.25360577867832035 0.042067309259437025 0.03605769365094602 0.05528846359811723
0 0.317307704128325 0.040865386137738824 0.03365384740754962 0.04807692486792803
0 0.3557692440226674 0.04807692486792803 0.03846153989434242 0.05288461735472083
0 0.22475962375756353 0.061298079206608236 0.040865386137738824 0.05048077111132443
