0 0.22115385439246893 0.646634639473632 0.07211538730189204 0.07692307978868484
0 0.22115385439246893 0.5444711741292849 0.057692309841513634 0.06490384857170284
0 0.29206731857266277 0.3822115527000278 0.03125000116415322 0.05288461735472083
0 0.3485577052924782 0.610576945822686 0.04807692486792803 0.05288461735472083
0 0.4819711718009785 0.5276442504255101 0.040865386137738824 0.04567307862453163
0 0.5024038648698479 0.5012019417481497 0.043269232381135225 0.04567307862453163
0 0.5588942515896633 0.5384615585207939 0.05048077111132443 0.043269232381135225
0 0.9254808037076145 0.29326924169436097 0.03846153989434242 0.06730769481509924
0 0.8966346487868577 0.3197115503717214 0.03365384740754962 0.04807692486792803
0 0.8774038788396865 0.3064903960330412 0.03365384740754962 0.05048077111132443
1 0.957932727993466 0.3076923191547394 0.04567307862453163 0.057692309841513634
1 0.9735577285755426 0.3750000139698386 0.03846153989434242 0.057692309841513634
