1 0.3389423203188926 0.4927884798962623 0.10576923470944166 0.12980769714340568
1 0.6334134851349518 0.5144230960868299 0.06971154105849564 0.09615384973585606
1 0.20072116132359952 0.4759615561924875 0.07932692603208125 0.10576923470944166
1 0.9290865730727091 0.4915865567745641 0.06971154105849564 0.08413461851887405
1 0.5060096342349425 0.5216346348170191 0.08894231100566685 0.12980769714340568
1 0.42668270820286125 0.4975961723830551 0.06490384857170284 0.09615384973585606
1 0.8064904146594927 0.4939904030179605 0.06971154105849564 0.09375000349245965
1 0.05288461735472083 0.4819711718009785 0.06730769481509924 0.08894231100566685
1 0.25961539428681135 0.5060096342349425 0.05288461735472083 0.08894231100566685
1 0.700721179950051 0.4687500174622983 0.05528846359811723 0.06730769481509924
