0 0.1778846220113337 0.30843374133110046 0.1730769295245409 0.173493979498744
0 0.7343750273576006 0.36144579062238336 0.14663462084718049 0.16385542508214712
0 0.6069711764575914 0.3975903696846217 0.11298077343963087 0.130120484624058
0 0.3040865497896448 0.3144578378414735 0.11778846592642367 0.14216867764480412
0 0.09134615724906325 0.32771085016429424 0.057692309841513634 0.07228915812447667
0 0.7031250261934474 0.3024096448207274 0.11778846592642367 0.10361445997841656
0 0.9627404204802588 0.3361445852788165 0.06971154105849564 0.22891566739417613
0 0.1778846220113337 0.130120484624058 0.1730769295245409 0.173493979498744
0 0.7331731042359024 0.08072289323899895 0.1490384670905769 0.1614457864779979
0 0.6057692533358932 0.0542168685933575 0.11538461968302727 0.108433737186715
0 0.3040865497896448 0.12650602671783417 0.11778846592642367 0.14216867764480412
0 0.09134615724906325 0.11084337579086423 0.057692309841513634 0.07228915812447667
0 0.7031250261934474 0.1385542197385803 0.11778846592642367 0.10361445997841656
0 0.9615384973585606 0.10963855648878962 0.07211538730189204 0.21927711297757924
