0 0.7295673348708078 0.40481928549706936 0.05048077111132443 0.04819277208298445
0 0.1538461595773697 0.5325301315169781 0.04807692486792803 0.04819277208298445
0 0.6502404088387266 0.4289156715385616 0.03605769365094602 0.05301204929128289
0 0.7632211822783574 0.42409639433026314 0.03605769365094602 0.05301204929128289
0 0.9122596493689343 0.3530120555078611 0.04567307862453163 0.045783133478835225
0 0.7295673348708078 0.16867470229044557 0.05048077111132443 0.04819277208298445
0 0.1538461595773697 0.04096385627053678 0.04807692486792803 0.04819277208298445
0 0.1538461595773697 0.8963855607435107 0.04807692486792803 0.04819277208298445
0 0.6502404088387266 0.14457831624895334 0.03605769365094602 0.05301204929128289
0 0.6490384857170284 0.985542189097032 0.03846153989434242 0.024096386041492224
0 0.7632211822783574 0.1493975934572518 0.03605769365094602 0.05301204929128289
0 0.7620192591566592 0.9879518277011812 0.03846153989434242 0.01927710883319378
0 0.9122596493689343 0.22289157088380307 0.04567307862453163 0.045783133478835225
