0 0.951923112384975 0.23557693185284734 0.06730769481509924 0.08173077227547765
0 0.6274038695264608 0.7560096435481682 0.13461538963019848 0.14182692836038768
0 0.670673101907596 0.24399039370473474 0.08173077227547765 0.11298077343963087
0 0.8713942632311955 0.24519231682643294 0.06971154105849564 0.07692307978868484
0 0.4723557868273929 0.3040865497896448 0.09855769597925246 0.11778846592642367
0 0.8918269563000649 0.359375013387762 0.09134615724906325 0.09375000349245965
0 0.7512019510613754 0.39783655328210443 0.09855769597925246 0.11778846592642367
0 0.03125000116415322 0.3846153989434242 0.057692309841513634 0.12980769714340568
0 0.27283654862549156 0.20192308444529772 0.05048077111132443 0.057692309841513634
0 0.21754808502737433 0.23437500873114914 0.05048077111132443 0.06971154105849564
0 0.951923112384975 0.09615384973585606 0.06730769481509924 0.08173077227547765
0 0.6274038695264608 0.9050481106387451 0.13461538963019848 0.14182692836038768
0 0.670673101907596 0.09014423412736505 0.08173077227547765 0.11298077343963087
0 0.8713942632311955 0.08653846476227045 0.06971154105849564 0.07692307978868484
0 0.4711538637056947 0.044471155502833426 0.10096154222264886 0.08894231100566685
0 0.8930288794217631 0.010817308095283806 0.09375000349245965 0.021634616190567613
0 0.27283654862549156 0.12980769714340568 0.05048077111132443 0.057692309841513634
0 0.21754808502737433 0.09975961910095066 0.05048077111132443 0.06971154105849564
