0 0.13341346650850028 0.3542168748099357 0.06971154105849564 0.06746988091617823
0 0.3810096295783296 0.4084337434032932 0.04567307862453163 0.055421687895432115
0 0.335336550953798 0.41325302061159164 0.03605769365094602 0.045783133478835225
0 0.6298077157698572 0.4096385627053678 0.043269232381135225 0.05301204929128289
0 0.5805288677802309 0.40602410479914397 0.040865386137738824 0.05060241068713367
0 0.6923077180981636 0.4096385627053678 0.03846153989434242 0.04819277208298445
0 0.748798104817979 0.40602410479914397 0.040865386137738824 0.055421687895432115
0 0.8281250308500603 0.41325302061159164 0.03605769365094602 0.055421687895432115
0 0.8665865707444027 0.39277109247632325 0.04567307862453163 0.05783132649958134
0 0.23677885497454554 0.41566265921574086 0.04567307862453163 0.05060241068713367
0 0.042067309259437025 0.4228915750281885 0.04567307862453163 0.065060242312029
0 0.14182692836038768 0.40481928549706936 0.03365384740754962 0.05301204929128289
0 0.1586538520641625 0.41566265921574086 0.03365384740754962 0.06024096510373056
0 0.13221154338680208 0.007228915812447667 0.07211538730189204 0.014457831624895334
