0 0.26562500989530236 0.6963855565991253 0.021634616190567613 0.02891566324979067
0 0.40264424576889724 0.4108433820074424 0.021634616190567613 0.026506024645641446
0 0.3701923214830458 0.3144578378414735 0.014423077460378408 0.03132530185393989
0 0.3641827058745548 0.7000000145053491 0.01682692370377481 0.03132530185393989
0 0.4831730949226767 0.7000000145053491 0.014423077460378408 0.03132530185393989
0 0.5192307885736227 0.6493976038182154 0.014423077460378408 0.021686747437343
0 0.26562500989530236 0.9710843574721366 0.021634616190567613 0.02891566324979067
0 0.3701923214830458 0.02048192813526839 0.014423077460378408 0.03132530185393989
0 0.3641827058745548 0.969879538170062 0.01682692370377481 0.03132530185393989
0 0.4831730949226767 0.969879538170062 0.014423077460378408 0.03132530185393989
