0 0.6899038718547672 0.30843374133110046 0.1586538520641625 0.17831325670704246
0 0.43629809317644686 0.2807228973833844 0.07932692603208125 0.09879518277011812
0 0.5673077134415507 0.33012048876844347 0.06250000232830644 0.07228915812447667
0 0.29206731857266277 0.23855422181077302 0.04567307862453163 0.05783132649958134
0 0.5276442504255101 0.3457831396954134 0.040865386137738824 0.055421687895432115
0 0.6911057949764654 0.05783132649958134 0.1610576983075589 0.11566265299916267
0 0.43629809317644686 0.0542168685933575 0.07932692603208125 0.09879518277011812
0 0.5685096365632489 0.02048192813526839 0.06490384857170284 0.04096385627053678
0 0.29206731857266277 0.09397590556181967 0.04567307862453163 0.05783132649958134
0 0.5264423273038119 0.008433735114522278 0.043269232381135225 0.016867470229044557
