0 0.3737980908481404 0.4939904030179605 0.040865386137738824 0.05528846359811723
0 0.5180288654519245 0.4939904030179605 0.04567307862453163 0.060096156084910035
0 0.4855769411660731 0.4867788642877713 0.03365384740754962 0.060096156084910035
0 0.5901442527538165 0.4903846336528659 0.04567307862453163 0.06250000232830644
0 0.6959134874632582 0.4855769411660731 0.04567307862453163 0.06250000232830644
2 0.3605769365094602 0.628605792648159 0.12500000465661287 0.3197115503717214
2 0.5060096342349425 0.6394231007434428 0.11778846592642367 0.3509615515358746
2 0.6009615608491004 0.6298077157698572 0.08653846476227045 0.341346166562289
2 0.7091346418019384 0.6274038695264608 0.12980769714340568 0.341346166562289
2 0.46033655561041087 0.5625000209547579 0.06971154105849564 0.22115385439246893
