1 0.44951924751512706 0.48795181734021753 0.04807692486792803 0.06987951952032745
1 0.5264423273038119 0.4867469980381429 0.04807692486792803 0.06746988091617823
1 0.07211538730189204 0.4734939857153222 0.04807692486792803 0.055421687895432115
1 0.3497596284141764 0.4867469980381429 0.05048077111132443 0.06265060370787978
1 0.1658653907943517 0.48072290152776986 0.04807692486792803 0.055421687895432115
1 0.6021634839707986 0.4831325401319191 0.040865386137738824 0.06024096510373056
1 0.6610577169340104 0.4759036243194714 0.043269232381135225 0.055421687895432115
1 0.8317308002151549 0.4722891664132476 0.043269232381135225 0.043373494874686
1 0.25721154804341495 0.4819277208298445 0.04807692486792803 0.06265060370787978
1 0.7439904123311862 0.4831325401319191 0.05048077111132443 0.055421687895432115
1 0.9218750343425199 0.49879519105888903 0.040865386137738824 0.04819277208298445
