0 0.09375000349245965 0.3317307815887034 0.14423077460378408 0.1778846220113337
0 0.46394232497550547 0.3641827058745548 0.08173077227547765 0.11778846592642367
0 0.778846182860434 0.359375013387762 0.08173077227547765 0.10817308095283806
0 0.8882211869349703 0.3665865521179512 0.09375000349245965 0.10817308095283806
0 0.3882211683085188 0.3689903983613476 0.04567307862453163 0.06971154105849564
0 0.664663486299105 0.3497596284141764 0.05528846359811723 0.07932692603208125
0 0.730769257992506 0.3750000139698386 0.03365384740754962 0.06730769481509924
0 0.5949519452406093 0.3689903983613476 0.04567307862453163 0.06490384857170284
1 0.21394231566227973 0.3882211683085188 0.03846153989434242 0.05528846359811723
0 0.1538461595773697 0.40144232264719903 0.03846153989434242 0.06730769481509924
1 0.9747596516972408 0.371394244604744 0.040865386137738824 0.07451923354528844
0 0.09495192661415786 0.040865386137738824 0.14663462084718049 0.08173077227547765
