1 0.25120193243492395 0.46033655561041087 0.07451923354528844 0.09375000349245965
1 0.9302884961944073 0.45913463248871267 0.11057692719623446 0.12500000465661287
1 0.12500000465661287 0.4747596330707893 0.09615384973585606 0.11778846592642367
1 0.9110577262472361 0.3846153989434242 0.06250000232830644 0.06730769481509924
1 0.7644231054000556 0.3882211683085188 0.057692309841513634 0.06971154105849564
1 0.05649038671981543 0.5228365579387173 0.10817308095283806 0.12740385090000927
1 0.664663486299105 0.45793270936701447 0.08894231100566685 0.09375000349245965
1 0.5649038671981543 0.39903847640380263 0.057692309841513634 0.06730769481509924
1 0.7692307978868484 0.4747596330707893 0.08653846476227045 0.10336538846604526
1 0.69471156434156 0.39062501455191523 0.043269232381135225 0.05048077111132443
1 0.63461540825665 0.41466347698587924 0.04807692486792803 0.06490384857170284
1 0.14423077460378408 0.40504809201229364 0.05288461735472083 0.05048077111132443
1 0.6009615608491004 0.3822115527000278 0.03365384740754962 0.043269232381135225
