0 0.1778846220113337 0.5661057903198525 0.05288461735472083 0.05528846359811723
0 0.23076923936605453 0.5372596353990957 0.04807692486792803 0.05528846359811723
0 0.42067309259437025 0.5420673278858885 0.043269232381135225 0.04567307862453163
0 0.3581730902660638 0.5588942515896633 0.04807692486792803 0.040865386137738824
0 0.27764424111228436 0.5468750203726813 0.03605769365094602 0.040865386137738824
0 0.1538461595773697 0.5336538660340011 0.04807692486792803 0.05288461735472083
0 0.5168269423302263 0.5588942515896633 0.03365384740754962 0.03605769365094602
1 0.8774038788396865 0.5721154059283435 0.03846153989434242 0.03365384740754962
0 0.8485577239189297 0.5841346371453255 0.028846154920756817 0.028846154920756817
1 0.10817308095283806 0.5444711741292849 0.043269232381135225 0.03605769365094602
