0 0.03605769365094602 0.377403860213235 0.06250000232830644 0.08173077227547765
0 0.10096154222264886 0.3701923214830458 0.07211538730189204 0.08653846476227045
0 0.8641827245010063 0.3798077064566314 0.060096156084910035 0.06730769481509924
1 0.7812500291038305 0.3389423203188926 0.11538461968302727 0.12500000465661287
1 0.4771634793141857 0.3798077064566314 0.08894231100566685 0.10576923470944166
1 0.20673077693209052 0.3197115503717214 0.10096154222264886 0.12019231216982007
1 0.377403860213235 0.3617788596311584 0.07692307978868484 0.08894231100566685
1 0.5901442527538165 0.41346155386418104 0.060096156084910035 0.07211538730189204
1 0.7235577192623168 0.42668270820286125 0.06250000232830644 0.08413461851887405
0 0.335336550953798 0.389423091430217 0.05528846359811723 0.08173077227547765
