0 0.7824519522255287 0.40264424576889724 0.05528846359811723 0.06971154105849564
0 0.1790865451330319 0.40745193825569004 0.05528846359811723 0.06490384857170284
0 0.10096154222264886 0.3725961677264422 0.04807692486792803 0.057692309841513634
0 0.3149038578849286 0.3882211683085188 0.04807692486792803 0.05528846359811723
1 0.5420673278858885 0.39062501455191523 0.04567307862453163 0.05528846359811723
1 0.6838942562462762 0.3786057833349332 0.040865386137738824 0.05528846359811723
1 0.9218750343425199 0.359375013387762 0.08894231100566685 0.07932692603208125
0 0.10216346534434706 0.012019231216982007 0.05048077111132443 0.024038462433964014
1 0.682692333124578 0.008413461851887405 0.043269232381135225 0.01682692370377481
1 0.9206731112208217 0.024038462433964014 0.09134615724906325 0.04807692486792803
