0 0.7860577215906233 0.3870192451868206 0.13461538963019848 0.1634615445509553
0 0.26923077926039696 0.43990386254154146 0.057692309841513634 0.07692307978868484
0 0.5817307909019291 0.43269232381135225 0.057692309841513634 0.08173077227547765
0 0.3750000139698386 0.44591347815003246 0.07211538730189204 0.08413461851887405
0 0.46274040185380727 0.40985578449908644 0.08894231100566685 0.11298077343963087
0 0.8906250331783667 0.39182693767361343 0.11778846592642367 0.1538461595773697
0 0.6694711787858978 0.42788463132455945 0.09375000349245965 0.13461538963019848
0 0.7872596447123215 0.060096156084910035 0.13701923587359488 0.12019231216982007
0 0.27043270238209516 0.012019231216982007 0.060096156084910035 0.024038462433964014
0 0.5829327140236273 0.01682692370377481 0.060096156084910035 0.03365384740754962
0 0.3762019370915368 0.010817308095283806 0.07451923354528844 0.021634616190567613
0 0.46153847873210907 0.03605769365094602 0.09134615724906325 0.07211538730189204
0 0.8894231100566685 0.05528846359811723 0.12019231216982007 0.11057692719623446
0 0.6682692556641996 0.03245192428585142 0.09615384973585606 0.06490384857170284
