0 0.4783654024358839 0.5408654047641903 0.028846154920756817 0.03365384740754962
0 0.40384616889059544 0.5673077134415507 0.03365384740754962 0.043269232381135225
0 0.341346166562289 0.5492788666160777 0.028846154920756817 0.03125000116415322
0 0.06610577169340104 0.5733173290500417 0.04567307862453163 0.040865386137738824
0 0.09615384973585606 0.5564904053462669 0.03365384740754962 0.03605769365094602
0 0.22355770063586533 0.5456730972509831 0.028846154920756817 0.03365384740754962
0 0.6778846406377852 0.5492788666160777 0.03365384740754962 0.03125000116415322
0 0.7680288747651502 0.5252404041821137 0.03605769365094602 0.040865386137738824
0 0.8112981071462855 0.5276442504255101 0.03605769365094602 0.03605769365094602
0 0.6478365625953302 0.5552884822245687 0.03605769365094602 0.03365384740754962
