0 0.8473558007972315 0.3605769365094602 0.1610576983075589 0.1826923144981265
0 0.3329327047104016 0.41586540010757744 0.06490384857170284 0.07692307978868484
0 0.4843750180443749 0.383413475821726 0.08894231100566685 0.10817308095283806
0 0.646634639473632 0.42067309259437025 0.12980769714340568 0.14423077460378408
0 0.4711538637056947 0.44471155502833426 0.06730769481509924 0.07692307978868484
0 0.29086539545096457 0.45432694000191987 0.057692309841513634 0.057692309841513634
0 0.26081731740850955 0.44471155502833426 0.04567307862453163 0.057692309841513634
0 0.22355770063586533 0.44951924751512706 0.057692309841513634 0.06250000232830644
0 0.1754807757679373 0.44110578566323966 0.03846153989434242 0.040865386137738824
0 0.13701923587359488 0.45552886312361807 0.043269232381135225 0.04567307862453163
0 0.7848557984689251 0.40745193825569004 0.06971154105849564 0.06971154105849564
0 0.8461538776755333 0.044471155502833426 0.1634615445509553 0.08894231100566685
0 0.4831730949226767 0.014423077460378408 0.09134615724906325 0.028846154920756817
