0 0.44350963190663606 0.21325301646720618 0.07932692603208125 0.09879518277011812
0 0.8125000302679837 0.27349398157093674 0.07692307978868484 0.08915662835352123
0 0.6262019464047626 0.27349398157093674 0.060096156084910035 0.07951807393692434
0 0.7259615655057132 0.33855422388296574 0.08173077227547765 0.10361445997841656
1 0.12980769714340568 0.22048193227965385 0.08173077227547765 0.08433735114522278
1 0.24759616306982934 0.29518072900827974 0.043269232381135225 0.055421687895432115
1 0.28365385672077537 0.2698795236647129 0.043269232381135225 0.05301204929128289
1 0.341346166562289 0.3108433799352497 0.03365384740754962 0.043373494874686
0 0.44350963190663606 0.0975903634680435 0.07932692603208125 0.09879518277011812
0 0.8137019533896819 0.04096385627053678 0.07932692603208125 0.08192771254107356
0 0.6250000232830644 0.03855421766638756 0.06250000232830644 0.07710843533277512
0 0.7271634886274114 0.012048193020746112 0.08413461851887405 0.024096386041492224
1 0.12980769714340568 0.09036144765559584 0.08173077227547765 0.08433735114522278
1 0.24879808619152755 0.021686747437343 0.04567307862453163 0.043373494874686
1 0.28365385672077537 0.03855421766638756 0.043269232381135225 0.05301204929128289
1 0.3425480896839872 0.0108433737186715 0.03605769365094602 0.021686747437343
