0 0.8653846476227045 0.389423091430217 0.12980769714340568 0.1490384670905769
0 0.5096154036000371 0.41947116947267205 0.11538461968302727 0.14182692836038768
0 0.043269232381135225 0.41947116947267205 0.08173077227547765 0.11298077343963087
0 0.7199519498972222 0.40745193825569004 0.09375000349245965 0.10817308095283806
0 0.1730769295245409 0.40384616889059544 0.10576923470944166 0.13461538963019848
0 0.24879808619152755 0.39182693767361343 0.07932692603208125 0.12980769714340568
0 0.43990386254154146 0.44711540127173066 0.06250000232830644 0.08653846476227045
0 0.5841346371453255 0.43269232381135225 0.06250000232830644 0.09134615724906325
0 0.6911057949764654 0.45312501688022166 0.04567307862453163 0.06490384857170284
0 0.8665865707444027 0.01923076994717121 0.13221154338680208 0.03846153989434242
0 0.24759616306982934 0.013221154338680208 0.08173077227547765 0.026442308677360415
