0 0.10576923470944166 0.44831732439342886 0.10576923470944166 0.12259615841321647
0 0.9350961886812001 0.5000000186264515 0.043269232381135225 0.043269232381135225
0 0.8894231100566685 0.4987980955047533 0.03365384740754962 0.040865386137738824
0 0.3689903983613476 0.4675480943406001 0.06971154105849564 0.09375000349245965
0 0.41706732322927564 0.4783654024358839 0.04567307862453163 0.07211538730189204
0 0.4663461712189019 0.4855769411660731 0.043269232381135225 0.057692309841513634
0 0.4975961723830551 0.4699519405839965 0.03846153989434242 0.060096156084910035
0 0.6021634839707986 0.5012019417481497 0.040865386137738824 0.04567307862453163
0 0.652644255082123 0.4987980955047533 0.03605769365094602 0.04567307862453163
0 0.7259615655057132 0.4939904030179605 0.03846153989434242 0.05048077111132443
0 0.7872596447123215 0.5060096342349425 0.021634616190567613 0.03125000116415322
0 0.8461538776755333 0.4975961723830551 0.03365384740754962 0.043269232381135225
0 0.8209134921198711 0.4951923261396587 0.021634616190567613 0.03846153989434242
1 0.5649038671981543 0.4843750180443749 0.028846154920756817 0.040865386137738824
1 0.5156250192085281 0.4951923261396587 0.026442308677360415 0.03365384740754962
