0 0.24278847058303654 0.44578314176760614 0.10096154222264886 0.10602409858256578
0 0.46274040185380727 0.4180722978198901 0.05048077111132443 0.06987951952032745
0 0.42307693883776665 0.4421686838613823 0.03365384740754962 0.04096385627053678
0 0.3317307815887034 0.4506024189759046 0.03365384740754962 0.02891566324979067
0 0.5877404065104201 0.4313253101427108 0.06971154105849564 0.06746988091617823
0 0.664663486299105 0.44457832246553153 0.04567307862453163 0.06024096510373056
0 0.8004807990510017 0.44698796106968075 0.08173077227547765 0.09397590556181967
0 0.7295673348708078 0.4626506119966507 0.03125000116415322 0.043373494874686
0 0.4975961723830551 0.42771085223648697 0.03365384740754962 0.055421687895432115
0 0.5444711741292849 0.44578314176760614 0.021634616190567613 0.03373494045808911
