0 0.3100961653981358 0.5445783245377243 0.07211538730189204 0.07228915812447667
0 0.9014423412736505 0.4530120575800538 0.06250000232830644 0.07710843533277512
0 0.21754808502737433 0.38433735736180097 0.05048077111132443 0.04096385627053678
0 0.7355769504792988 0.3542168748099357 0.043269232381135225 0.04819277208298445
0 0.6790865637594834 0.31686747644562274 0.03125000116415322 0.04096385627053678
0 0.08413461851887405 0.3000000062165782 0.028846154920756817 0.036144579062238336
0 0.6538461782038212 0.33855422388296574 0.028846154920756817 0.036144579062238336
0 0.5733173290500417 0.30602410272695124 0.026442308677360415 0.03373494045808911
0 0.5288461735472083 0.3024096448207274 0.03365384740754962 0.04096385627053678
0 0.736778873600997 0.004819277208298445 0.04567307862453163 0.00963855441659689
0 0.6790865637594834 0.022891566739417613 0.03125000116415322 0.04096385627053678
0 0.08413461851887405 0.03975903696846217 0.028846154920756817 0.036144579062238336
0 0.6550481013255194 0.00963855441659689 0.03125000116415322 0.01927710883319378
0 0.5733173290500417 0.03132530185393989 0.026442308677360415 0.03373494045808911
0 0.5288461735472083 0.03734939836431295 0.03365384740754962 0.04096385627053678
