0 0.8677884938661009 0.43493976804893464 0.08173077227547765 0.09397590556181967
0 0.040865386137738824 0.4289156715385616 0.057692309841513634 0.06746988091617823
0 0.3545673209009692 0.42650603293441236 0.04567307862453163 0.05783132649958134
0 0.25480770180001855 0.42650603293441236 0.04807692486792803 0.04819277208298445
0 0.44471155502833426 0.4192771171219647 0.057692309841513634 0.06265060370787978
0 0.40384616889059544 0.41445783991366625 0.043269232381135225 0.05783132649958134
0 0.6081730995792896 0.44698796106968075 0.03365384740754962 0.045783133478835225
0 0.6562500244472176 0.42650603293441236 0.043269232381135225 0.043373494874686
0 0.706730795558542 0.43493976804893464 0.03365384740754962 0.036144579062238336
0 0.766826951643452 0.43493976804893464 0.043269232381135225 0.055421687895432115
