0 0.4747596330707893 0.3361445852788165 0.06971154105849564 0.09397590556181967
0 0.6538461782038212 0.3433735010912642 0.08173077227547765 0.08915662835352123
0 0.14302885148208588 0.3228915729559958 0.07932692603208125 0.10120482137426734
0 0.8701923401094973 0.30722892202902585 0.12019231216982007 0.12771084601990879
0 0.5781250215368345 0.35060241690371186 0.060096156084910035 0.06987951952032745
0 0.23076923936605453 0.32771085016429424 0.08173077227547765 0.130120484624058
0 0.28605770296417177 0.32650603086221963 0.057692309841513634 0.08433735114522278
0 0.4735577099490911 0.022891566739417613 0.07211538730189204 0.045783133478835225
0 0.6550481013255194 0.018072289531119168 0.08413461851887405 0.036144579062238336
0 0.14182692836038768 0.03132530185393989 0.08173077227547765 0.06265060370787978
0 0.8713942632311955 0.045783133478835225 0.12259615841321647 0.09156626695767045
0 0.5769230984151363 0.00963855441659689 0.06250000232830644 0.01927710883319378
0 0.23197116248775274 0.036144579062238336 0.08413461851887405 0.07228915812447667
0 0.28725962608586997 0.025301205343566835 0.060096156084910035 0.05060241068713367
