0 0.044471155502833426 0.45312501688022166 0.07932692603208125 0.12740385090000927
0 0.11057692719623446 0.46394232497550547 0.07211538730189204 0.11538461968302727
0 0.21033654629718512 0.45432694000191987 0.11298077343963087 0.13942308211699128
0 0.3521634746575728 0.45072117063682526 0.09375000349245965 0.13221154338680208
0 0.3149038578849286 0.39783655328210443 0.08173077227547765 0.12259615841321647
0 0.5180288654519245 0.42427886195946485 0.08413461851887405 0.11778846592642367
0 0.4867788642877713 0.389423091430217 0.06971154105849564 0.08173077227547765
0 0.6502404088387266 0.45192309375852346 0.08894231100566685 0.12500000465661287
0 0.7644231054000556 0.383413475821726 0.11538461968302727 0.14663462084718049
0 0.6358173313783482 0.3677884752396494 0.08894231100566685 0.08653846476227045
0 0.8846154175698757 0.43509617005474865 0.08173077227547765 0.08173077227547765
0 0.9615384973585606 0.3810096295783296 0.06730769481509924 0.1610576983075589
1 0.4747596330707893 0.4735577099490911 0.08894231100566685 0.10576923470944166
0 0.043269232381135225 0.025240385555662215 0.08173077227547765 0.05048077111132443
0 0.11177885031793267 0.01682692370377481 0.07451923354528844 0.03365384740754962
0 0.20913462317548692 0.027644231799058616 0.11538461968302727 0.05528846359811723
0 0.3509615515358746 0.027644231799058616 0.09615384973585606 0.05528846359811723
0 0.3161057810066268 0.05168269423302263 0.08413461851887405 0.10336538846604526
0 0.5168269423302263 0.03725961677264422 0.08653846476227045 0.07451923354528844
0 0.4867788642877713 0.04807692486792803 0.06971154105849564 0.08173077227547765
0 0.6490384857170284 0.025240385555662215 0.09134615724906325 0.05048077111132443
0 0.7656250285217538 0.06490384857170284 0.11778846592642367 0.12980769714340568
0 0.6358173313783482 0.06971154105849564 0.08894231100566685 0.08653846476227045
0 0.8858173406915739 0.022836539312265813 0.08413461851887405 0.04567307862453163
0 0.9627404204802588 0.06971154105849564 0.06971154105849564 0.13942308211699128
