0 0.6189904076745734 0.41346155386418104 0.11778846592642367 0.1778846220113337
0 0.5012019417481497 0.3798077064566314 0.11778846592642367 0.1778846220113337
1 0.7463942585745826 0.3365384740754962 0.1610576983075589 0.20192308444529772
1 0.3245192428585142 0.3786057833349332 0.08653846476227045 0.10817308095283806
1 0.40144232264719903 0.39423078391700983 0.07211538730189204 0.08173077227547765
1 0.9423077274113894 0.46394232497550547 0.09134615724906325 0.10096154222264886
1 0.25120193243492395 0.3737980908481404 0.06971154105849564 0.08894231100566685
0 0.21033654629718512 0.40745193825569004 0.04567307862453163 0.04567307862453163
1 0.11057692719623446 0.40264424576889724 0.03365384740754962 0.03125000116415322
1 0.1550480826990679 0.40745193825569004 0.021634616190567613 0.03125000116415322
