0 0.044471155502833426 0.44471155502833426 0.06971154105849564 0.08173077227547765
0 0.5132211729651317 0.41225963074248284 0.05528846359811723 0.08413461851887405
0 0.23317308560945094 0.43389424693305045 0.057692309841513634 0.06971154105849564
0 0.8834134944481775 0.39783655328210443 0.06971154105849564 0.08413461851887405
0 0.664663486299105 0.389423091430217 0.060096156084910035 0.08173077227547765
0 0.7331731042359024 0.41706732322927564 0.05288461735472083 0.06971154105849564
0 0.13942308211699128 0.43389424693305045 0.05288461735472083 0.06971154105849564
0 0.7848557984689251 0.41225963074248284 0.04567307862453163 0.06971154105849564
0 0.41586540010757744 0.41826924635097384 0.06250000232830644 0.07211538730189204
0 0.28966347232926637 0.42427886195946485 0.04567307862453163 0.06490384857170284
0 0.46153847873210907 0.41466347698587924 0.03365384740754962 0.06971154105849564
0 0.6310096388915554 0.42548078508116305 0.03125000116415322 0.043269232381135225
0 0.9266827268293127 0.41826924635097384 0.040865386137738824 0.06730769481509924
0 0.6021634839707986 0.43389424693305045 0.026442308677360415 0.040865386137738824
