0 0.7800481059821323 0.5674698912771419 0.06490384857170284 0.06987951952032745
0 0.20192308444529772 0.5072289261734113 0.043269232381135225 0.04096385627053678
0 0.42548078508116305 0.5000000103609636 0.05288461735472083 0.055421687895432115
0 0.44110578566323966 0.4012048275908455 0.03125000116415322 0.036144579062238336
0 0.39423078391700983 0.41566265921574086 0.03365384740754962 0.03132530185393989
0 0.8257211846066639 0.3987951889866963 0.04567307862453163 0.045783133478835225
0 0.9483173430198804 0.4951807331526652 0.040865386137738824 0.04096385627053678
0 0.9771634979406372 0.41686747851781547 0.040865386137738824 0.05301204929128289
0 0.8846154175698757 0.40240964689292014 0.028846154920756817 0.043373494874686
0 0.43990386254154146 0.00963855441659689 0.03365384740754962 0.01927710883319378
0 0.8245192614849657 0.013253012322820723 0.04807692486792803 0.026506024645641446
0 0.975961574818939 0.006024096510373056 0.043269232381135225 0.012048193020746112
0 0.8858173406915739 0.0108433737186715 0.03125000116415322 0.021686747437343
