0 0.8665865707444027 0.2807228973833844 0.08413461851887405 0.09879518277011812
0 0.5673077134415507 0.2506024148315191 0.08173077227547765 0.09156626695767045
0 0.9723558054538444 0.27228916226886213 0.05048077111132443 0.08192771254107356
0 0.8197115689981729 0.28554217459168285 0.057692309841513634 0.07951807393692434
0 0.4927884798962623 0.4228915750281885 0.12980769714340568 0.14216867764480412
0 0.21394231566227973 0.3855421766638756 0.057692309841513634 0.05783132649958134
0 0.718750026775524 0.28554217459168285 0.03365384740754962 0.045783133478835225
0 0.5588942515896633 0.3361445852788165 0.04567307862453163 0.055421687895432115
0 0.8665865707444027 0.0542168685933575 0.08413461851887405 0.09879518277011812
0 0.5673077134415507 0.08192771254107356 0.08173077227547765 0.09156626695767045
0 0.9723558054538444 0.06024096510373056 0.05048077111132443 0.08192771254107356
0 0.8197115689981729 0.04939759138505906 0.057692309841513634 0.07951807393692434
0 0.718750026775524 0.04939759138505906 0.03365384740754962 0.045783133478835225
0 0.5576923284679651 0.013253012322820723 0.04807692486792803 0.026506024645641446
