1 0.3365384740754962 0.359375013387762 0.07692307978868484 0.10817308095283806
1 0.06730769481509924 0.3449519359273836 0.10576923470944166 0.11778846592642367
1 0.6250000232830644 0.3437500128056854 0.08173077227547765 0.12019231216982007
1 0.8269231077283621 0.3545673209009692 0.07692307978868484 0.09375000349245965
1 0.9026442643953487 0.41706732322927564 0.09375000349245965 0.11298077343963087
1 0.5649038671981543 0.3401442434405908 0.057692309841513634 0.10336538846604526
1 0.22836539312265813 0.3617788596311584 0.12980769714340568 0.1562500058207661
1 0.6995192568283528 0.3846153989434242 0.07211538730189204 0.08173077227547765
1 0.39423078391700983 0.40745193825569004 0.057692309841513634 0.08894231100566685
1 0.46394232497550547 0.3870192451868206 0.03846153989434242 0.05288461735472083
