0 0.43629809317644686 0.37349398364312947 0.14663462084718049 0.16385542508214712
0 0.07692307978868484 0.33734940458089113 0.1538461595773697 0.23132530599832535
0 0.7500000279396772 0.3421686817891896 0.12980769714340568 0.1397590390406549
0 0.1862980838632211 0.3542168748099357 0.060096156084910035 0.07228915812447667
1 0.299278857302852 0.36265060992445797 0.10336538846604526 0.1180722916033119
0 0.43509617005474865 0.0746987967286259 0.1490384670905769 0.1493975934572518
0 0.07812500291038305 0.10963855648878962 0.1562500058207661 0.21927711297757924
0 0.7500000279396772 0.0963855441659689 0.12980769714340568 0.1397590390406549
0 0.1862980838632211 0.08433735114522278 0.060096156084910035 0.07228915812447667
1 0.299278857302852 0.07831325463484973 0.10336538846604526 0.1180722916033119
