1 0.040865386137738824 0.3569711671443656 0.04807692486792803 0.05528846359811723
1 0.12980769714340568 0.3497596284141764 0.06730769481509924 0.08413461851887405
1 0.22596154687926173 0.3737980908481404 0.04807692486792803 0.06490384857170284
1 0.3569711671443656 0.3701923214830458 0.06971154105849564 0.08173077227547765
1 0.40504809201229364 0.3725961677264422 0.040865386137738824 0.057692309841513634
1 0.4819711718009785 0.359375013387762 0.05528846359811723 0.08413461851887405
1 0.5132211729651317 0.3750000139698386 0.026442308677360415 0.04807692486792803
1 0.5817307909019291 0.3461538590490818 0.07211538730189204 0.09615384973585606
1 0.616586561431177 0.3617788596311584 0.04567307862453163 0.06971154105849564
1 0.7680288747651502 0.40264424576889724 0.05048077111132443 0.06971154105849564
1 0.8161057996330783 0.3641827058745548 0.05048077111132443 0.060096156084910035
1 0.8846154175698757 0.3810096295783296 0.08653846476227045 0.09375000349245965
1 0.9471154198981822 0.3762019370915368 0.03846153989434242 0.060096156084910035
1 0.040865386137738824 0.030048078042455018 0.04807692486792803 0.05528846359811723
1 0.13100962026510388 0.03966346301604062 0.06971154105849564 0.07932692603208125
1 0.22716347000095993 0.022836539312265813 0.05048077111132443 0.04567307862453163
1 0.3557692440226674 0.028846154920756817 0.07211538730189204 0.057692309841513634
1 0.40384616889059544 0.021634616190567613 0.043269232381135225 0.043269232381135225
1 0.4807692486792803 0.03485577052924782 0.057692309841513634 0.06971154105849564
1 0.5120192498434335 0.01802884682547301 0.028846154920756817 0.03605769365094602
1 0.5829327140236273 0.044471155502833426 0.07451923354528844 0.08894231100566685
1 0.6153846383094788 0.030048078042455018 0.04807692486792803 0.060096156084910035
1 0.766826951643452 0.009615384973585606 0.05288461735472083 0.01923076994717121
1 0.8149038765113801 0.026442308677360415 0.05288461735472083 0.05288461735472083
1 0.8858173406915739 0.026442308677360415 0.08894231100566685 0.05288461735472083
1 0.9483173430198804 0.020432693068869412 0.040865386137738824 0.040865386137738824
