0 0.5240384810604155 0.7031250261934474 0.03846153989434242 0.03605769365094602
0 0.5793269446585327 0.6875000256113708 0.03365384740754962 0.03846153989434242
0 0.6430288701085374 0.6971154105849564 0.040865386137738824 0.04807692486792803
1 0.682692333124578 0.7632211822783574 0.057692309841513634 0.05048077111132443
2 0.6850961793679744 0.7812500291038305 0.13461538963019848 0.09134615724906325
2 0.5096154036000371 0.7524038741830736 0.06730769481509924 0.1490384670905769
2 0.5769230984151363 0.7475961816962808 0.07692307978868484 0.1586538520641625
2 0.6490384857170284 0.7439904123311862 0.07211538730189204 0.13221154338680208
0 0.5240384810604155 0.957932727993466 0.03846153989434242 0.03605769365094602
0 0.5793269446585327 0.9711538823321462 0.03365384740754962 0.03846153989434242
0 0.6430288701085374 0.9615384973585606 0.040865386137738824 0.04807692486792803
1 0.682692333124578 0.8978365719085559 0.057692309841513634 0.05048077111132443
2 0.6850961793679744 0.8774038788396865 0.13461538963019848 0.09134615724906325
2 0.5096154036000371 0.9062500337604433 0.06730769481509924 0.1490384670905769
2 0.5769230984151363 0.9110577262472361 0.07692307978868484 0.1586538520641625
2 0.6490384857170284 0.9170673418557271 0.07211538730189204 0.13221154338680208
