0 0.1899038532283157 0.27524039486888796 0.11057692719623446 0.1514423133339733
0 0.8713942632311955 0.28245193359907717 0.12259615841321647 0.1562500058207661
0 0.676682717516087 0.28004808735568076 0.10817308095283806 0.14663462084718049
0 0.4723557868273929 0.3281250122236088 0.09855769597925246 0.11778846592642367
0 0.40985578449908644 0.27644231799058616 0.08413461851887405 0.12019231216982007
0 0.27644231799058616 0.3028846266679466 0.08653846476227045 0.11538461968302727
0 0.1899038532283157 0.11177885031793267 0.11057692719623446 0.1514423133339733
0 0.8713942632311955 0.10456731158774346 0.12259615841321647 0.1562500058207661
0 0.676682717516087 0.10697115783113986 0.10817308095283806 0.14663462084718049
0 0.4711538637056947 0.058894232963211834 0.10096154222264886 0.11778846592642367
0 0.40985578449908644 0.10817308095283806 0.08413461851887405 0.12019231216982007
0 0.27644231799058616 0.08173077227547765 0.08653846476227045 0.11538461968302727
