0 0.8413461851887405 0.6514423319604248 0.06250000232830644 0.06730769481509924
0 0.5264423273038119 0.6009615608491004 0.04807692486792803 0.057692309841513634
0 0.08413461851887405 0.3665865521179512 0.028846154920756817 0.03125000116415322
0 0.1514423133339733 0.42067309259437025 0.028846154920756817 0.03365384740754962
0 0.21033654629718512 0.46153847873210907 0.026442308677360415 0.028846154920756817
0 0.2956730879377574 0.4867788642877713 0.028846154920756817 0.03125000116415322
0 0.5997596377274022 0.5096154036000371 0.026442308677360415 0.03846153989434242
0 0.8557692626491189 0.3425480896839872 0.028846154920756817 0.03605769365094602
0 0.7415865660877898 0.41346155386418104 0.026442308677360415 0.03846153989434242
0 0.6742788712726906 0.44711540127173066 0.021634616190567613 0.03846153989434242
0 0.6899038718547672 0.4783654024358839 0.028846154920756817 0.03365384740754962
