0 0.040865386137738824 0.3108433799352497 0.06250000232830644 0.07228915812447667
0 0.39423078391700983 0.36265060992445797 0.057692309841513634 0.06024096510373056
0 0.3786057833349332 0.3325301273725927 0.060096156084910035 0.06265060370787978
0 0.5877404065104201 0.4301204908406362 0.04567307862453163 0.06024096510373056
0 0.7860577215906233 0.3674698871327564 0.04807692486792803 0.05060241068713367
0 0.664663486299105 0.3361445852788165 0.04567307862453163 0.055421687895432115
0 0.4879807874094695 0.3445783203933388 0.043269232381135225 0.05783132649958134
0 0.5192307885736227 0.3554216941120103 0.03846153989434242 0.055421687895432115
0 0.24278847058303654 0.43614458735100925 0.03846153989434242 0.03855421766638756
0 0.042067309259437025 0.03012048255186528 0.06490384857170284 0.06024096510373056
0 0.377403860213235 0.016867470229044557 0.06250000232830644 0.03373494045808911
0 0.6634615631774068 0.013253012322820723 0.04807692486792803 0.026506024645641446
0 0.4891827105311677 0.00963855441659689 0.04567307862453163 0.01927710883319378
