0 0.26201924053020775 0.3257211659802124 0.1778846220113337 0.14663462084718049
0 0.7908654140774161 0.3569711671443656 0.23076923936605453 0.1947115457151085
0 0.5156250192085281 0.41826924635097384 0.07932692603208125 0.06250000232830644
0 0.5600961747113615 0.39903847640380263 0.057692309841513634 0.05288461735472083
2 0.1935096225934103 0.4831730949226767 0.3822115527000278 0.46153847873210907
2 0.7860577215906233 0.4975961723830551 0.40865386137738824 0.4903846336528659
2 0.5865384833887219 0.5312500197906047 0.22596154687926173 0.27884616423398256
0 0.26201924053020775 0.1766826988896355 0.1778846220113337 0.14663462084718049
0 0.7908654140774161 0.14543269772548229 0.23076923936605453 0.1947115457151085
0 0.5156250192085281 0.08173077227547765 0.07932692603208125 0.06250000232830644
0 0.5600961747113615 0.10096154222264886 0.057692309841513634 0.05288461735472083
2 0.1923076994717121 0.12500000465661287 0.3846153989434242 0.25000000931322575
2 0.1923076994717121 0.8918269563000649 0.3846153989434242 0.21153846941888332
2 0.7872596447123215 0.12500000465661287 0.41105770762078464 0.25000000931322575
2 0.7872596447123215 0.8774038788396865 0.41105770762078464 0.24038462433964014
2 0.5877404065104201 0.05528846359811723 0.22836539312265813 0.11057692719623446
2 0.5877404065104201 0.9134615724906325 0.22836539312265813 0.1682692370377481
