0 0.040865386137738824 0.5625000209547579 0.07211538730189204 0.09134615724906325
0 0.1790865451330319 0.5468750203726813 0.06971154105849564 0.07932692603208125
0 0.5384615585207939 0.5829327140236273 0.06730769481509924 0.06971154105849564
0 0.3822115527000278 0.5516827128594741 0.04807692486792803 0.06490384857170284
0 0.6213942539179698 0.5576923284679651 0.04567307862453163 0.07211538730189204
0 0.8750000325962901 0.5697115596849471 0.043269232381135225 0.05288461735472083
0 0.6129807920660824 0.44831732439342886 0.03846153989434242 0.04567307862453163
0 0.5000000186264515 0.5228365579387173 0.03846153989434242 0.04567307862453163
0 0.5733173290500417 0.42427886195946485 0.021634616190567613 0.03605769365094602
0 0.646634639473632 0.43269232381135225 0.028846154920756817 0.043269232381135225
