0 0.12500000465661287 0.24038462433964014 0.1634615445509553 0.19711539195850492
0 0.5408654047641903 0.40384616889059544 0.12019231216982007 0.13461538963019848
0 0.3810096295783296 0.5877404065104201 0.13221154338680208 0.11778846592642367
0 0.43389424693305045 0.3221153966151178 0.10817308095283806 0.1490384670905769
0 0.8894231100566685 0.25961539428681135 0.06250000232830644 0.11538461968302727
0 0.9302884961944073 0.22115385439246893 0.12980769714340568 0.1586538520641625
0 0.664663486299105 0.22596154687926173 0.05528846359811723 0.07211538730189204
1 0.27764424111228436 0.3317307815887034 0.08413461851887405 0.09134615724906325
0 0.12620192777831107 0.06971154105849564 0.1658653907943517 0.13942308211699128
0 0.43269232381135225 0.01682692370377481 0.11057692719623446 0.03365384740754962
0 0.8906250331783667 0.03966346301604062 0.06490384857170284 0.07932692603208125
0 0.9314904193161055 0.06971154105849564 0.13221154338680208 0.13942308211699128
0 0.664663486299105 0.05288461735472083 0.05528846359811723 0.07211538730189204
