0 0.45312501688022166 0.32650603086221963 0.06490384857170284 0.07951807393692434
0 0.5240384810604155 0.2927710904041305 0.09615384973585606 0.13253012322820723
0 0.8485577239189297 0.27228916226886213 0.12019231216982007 0.15421687066555023
0 0.6814904100028798 0.31566265714354813 0.14182692836038768 0.17831325670704246
0 0.6069711764575914 0.32891566946636885 0.05528846359811723 0.08433735114522278
1 0.28966347232926637 0.32650603086221963 0.07451923354528844 0.08915662835352123
0 0.7980769528076053 0.32891566946636885 0.06730769481509924 0.09879518277011812
0 0.45192309375852346 0.024096386041492224 0.06730769481509924 0.04819277208298445
0 0.5252404041821137 0.0542168685933575 0.09855769597925246 0.108433737186715
0 0.8497596470406279 0.06987951952032745 0.12259615841321647 0.1397590390406549
0 0.6802884868811816 0.0542168685933575 0.14423077460378408 0.108433737186715
0 0.6057692533358932 0.024096386041492224 0.057692309841513634 0.04819277208298445
1 0.28846154920756817 0.026506024645641446 0.07692307978868484 0.05301204929128289
0 0.7992788759293035 0.027710843947716057 0.06971154105849564 0.055421687895432115
