0 0.8954327256651595 0.45783133478835225 0.05528846359811723 0.05301204929128289
0 0.7283654117491096 0.4614457926945761 0.04807692486792803 0.055421687895432115
0 0.3149038578849286 0.45903615409042686 0.028846154920756817 0.03132530185393989
0 0.39302886079531163 0.45783133478835225 0.026442308677360415 0.03855421766638756
0 0.41346155386418104 0.4638554312987253 0.01923076994717121 0.036144579062238336
0 0.4735577099490911 0.44698796106968075 0.028846154920756817 0.036144579062238336
1 0.44591347815003246 0.4614457926945761 0.021634616190567613 0.036144579062238336
0 0.5228365579387173 0.4542168768821284 0.03125000116415322 0.05060241068713367
0 0.5564904053462669 0.4506024189759046 0.03125000116415322 0.04819277208298445
0 0.6923077180981636 0.4602409733925015 0.028846154920756817 0.043373494874686
0 0.6442307932302356 0.4518072382779792 0.03365384740754962 0.055421687895432115
