1 0.5637019440764561 0.3771084415493533 0.06971154105849564 0.09879518277011812
1 0.20312500756699592 0.38313253805972636 0.06971154105849564 0.07710843533277512
1 0.7115384880453348 0.35903615201823413 0.08173077227547765 0.10120482137426734
1 0.8918269563000649 0.41686747851781547 0.09615384973585606 0.10602409858256578
1 0.45432694000191987 0.37108434503898025 0.07211538730189204 0.08192771254107356
1 0.12740385090000927 0.38192771875765175 0.05288461735472083 0.065060242312029
1 0.26201924053020775 0.38433735736180097 0.03365384740754962 0.045783133478835225
1 0.3725961677264422 0.3771084415493533 0.05288461735472083 0.06987951952032745
1 0.5036057879915461 0.39397591177839786 0.05528846359811723 0.06987951952032745
1 0.6718750250292942 0.3879518152680248 0.040865386137738824 0.07228915812447667
