1 0.11778846592642367 0.36987952573690563 0.10576923470944166 0.10361445997841656
1 0.8689904169877991 0.3746988029452041 0.060096156084910035 0.06987951952032745
1 0.4675480943406001 0.39156627317424864 0.05528846359811723 0.08433735114522278
1 0.41826924635097384 0.3963855503825471 0.06250000232830644 0.09397590556181967
1 0.6995192568283528 0.3674698871327564 0.05288461735472083 0.0746987967286259
1 0.5769230984151363 0.4301204908406362 0.057692309841513634 0.06987951952032745
1 0.3629807827528566 0.3963855503825471 0.04807692486792803 0.06024096510373056
1 0.21875000814907253 0.3879518152680248 0.057692309841513634 0.06265060370787978
1 0.25480770180001855 0.38192771875765175 0.03846153989434242 0.065060242312029
1 0.766826951643452 0.39518073108047247 0.03365384740754962 0.03373494045808911
