1 0.7343750273576006 0.27590362017508596 0.07932692603208125 0.07951807393692434
1 0.5889423296321183 0.2915662711020559 0.07211538730189204 0.0963855441659689
1 0.9002404181519523 0.3096385606331751 0.09855769597925246 0.12289156881161034
1 0.5096154036000371 0.303614464122802 0.057692309841513634 0.07228915812447667
1 0.8521634932840243 0.3000000062165782 0.06490384857170284 0.10361445997841656
1 0.724759642384015 0.35903615201823413 0.08413461851887405 0.11084337579086423
1 0.43509617005474865 0.3204819343518466 0.05288461735472083 0.06746988091617823
1 0.3521634746575728 0.31566265714354813 0.060096156084910035 0.05783132649958134
1 0.1754807757679373 0.32650603086221963 0.03846153989434242 0.065060242312029
1 0.27043270238209516 0.3337349466746673 0.04567307862453163 0.065060242312029
1 0.05528846359811723 0.30843374133110046 0.04807692486792803 0.05783132649958134
1 0.09975961910095066 0.3349397659767419 0.03605769365094602 0.04819277208298445
1 0.1514423133339733 0.3216867536539212 0.028846154920756817 0.055421687895432115
1 0.5673077134415507 0.33975904318504035 0.043269232381135225 0.06265060370787978
1 0.6418269469868392 0.3012048255186528 0.043269232381135225 0.07710843533277512
1 0.7343750273576006 0.05903614580165595 0.07932692603208125 0.07951807393692434
1 0.5901442527538165 0.045783133478835225 0.07451923354528844 0.09156626695767045
1 0.8990384950302541 0.043373494874686 0.10096154222264886 0.086746989749372
1 0.5108173267217353 0.03373494045808911 0.060096156084910035 0.06746988091617823
1 0.8509615701623261 0.043373494874686 0.06730769481509924 0.086746989749372
1 0.7235577192623168 0.015662650926969945 0.08653846476227045 0.03132530185393989
1 0.43629809317644686 0.024096386041492224 0.05528846359811723 0.04819277208298445
1 0.3509615515358746 0.024096386041492224 0.06250000232830644 0.04819277208298445
1 0.1766826988896355 0.02048192813526839 0.040865386137738824 0.04096385627053678
1 0.26923077926039696 0.016867470229044557 0.04807692486792803 0.03373494045808911
1 0.05649038671981543 0.027710843947716057 0.05048077111132443 0.055421687895432115
1 0.09855769597925246 0.012048193020746112 0.03846153989434242 0.024096386041492224
1 0.1526442364556715 0.02048192813526839 0.03125000116415322 0.04096385627053678
1 0.5685096365632489 0.013253012322820723 0.04567307862453163 0.026506024645641446
1 0.6430288701085374 0.036144579062238336 0.04567307862453163 0.07228915812447667
