0 0.3569711671443656 0.12620192777831107 0.060096156084910035 0.07451923354528844
0 0.5072115573566407 0.05048077111132443 0.07692307978868484 0.07692307978868484
0 0.3269230891019106 0.3389423203188926 0.057692309841513634 0.08653846476227045
0 0.6838942562462762 0.6250000232830644 0.06971154105849564 0.07692307978868484
0 0.6622596400557086 0.11298077343963087 0.09855769597925246 0.07692307978868484
2 0.6574519475689158 0.7716346441302449 0.25240385555662215 0.3701923214830458
2 0.3161057810066268 0.4963942492613569 0.1802884682547301 0.39663463016040623
2 0.6502404088387266 0.3221153966151178 0.1514423133339733 0.5096154036000371
2 0.4963942492613569 0.22716347000095993 0.1658653907943517 0.42067309259437025
2 0.3497596284141764 0.20432693068869412 0.12259615841321647 0.22596154687926173
0 0.01562500058207661 0.12500000465661287 0.03125000116415322 0.07692307978868484
0 0.028846154920756817 0.3389423203188926 0.057692309841513634 0.08653846476227045
0 0.9555288817500696 0.6250000232830644 0.06971154105849564 0.07692307978868484
0 0.9615384973585606 0.11418269656132907 0.07211538730189204 0.07932692603208125
2 0.9254808037076145 0.772836567251943 0.14423077460378408 0.3725961677264422
2 0.06610577169340104 0.4951923261396587 0.13221154338680208 0.39903847640380263
2 0.9543269586283714 0.323317319736816 0.08653846476227045 0.5120192498434335
2 0.03485577052924782 0.20552885381039232 0.06971154105849564 0.22836539312265813
