0 0.43629809317644686 0.37108434503898025 0.14663462084718049 0.15903614787384868
0 0.07932692603208125 0.3445783203933388 0.1490384670905769 0.21204819716513157
0 0.7512019510613754 0.34096386248711497 0.13221154338680208 0.13734940043650568
0 0.1838942376198247 0.3542168748099357 0.060096156084910035 0.07710843533277512
1 0.3004807804245502 0.36144579062238336 0.10096154222264886 0.10120482137426734
0 0.43509617005474865 0.0746987967286259 0.1490384670905769 0.1493975934572518
0 0.08052884915377945 0.10120482137426734 0.1514423133339733 0.20240964274853468
0 0.7512019510613754 0.10000000207219273 0.13221154338680208 0.13734940043650568
0 0.1838942376198247 0.08433735114522278 0.060096156084910035 0.07710843533277512
1 0.3004807804245502 0.07710843533277512 0.10096154222264886 0.10120482137426734
