0 0.5456730972509831 0.35903615201823413 0.07211538730189204 0.09156626695767045
0 0.28365385672077537 0.3325301273725927 0.06730769481509924 0.09156626695767045
0 0.41466347698587924 0.42530121363233775 0.07451923354528844 0.07951807393692434
0 0.024038462433964014 0.3783132608514279 0.03846153989434242 0.03855421766638756
0 0.25360577867832035 0.3144578378414735 0.04567307862453163 0.065060242312029
0 0.7932692603208125 0.2710843429667875 0.03846153989434242 0.045783133478835225
0 0.5468750203726813 0.0108433737186715 0.07451923354528844 0.021686747437343
0 0.28485577984247357 0.024096386041492224 0.06971154105849564 0.04819277208298445
0 0.25240385555662215 0.026506024645641446 0.04807692486792803 0.05301204929128289
0 0.7932692603208125 0.06385542300995439 0.03846153989434242 0.045783133478835225
