0 0.8665865707444027 0.4096385627053678 0.07451923354528844 0.10120482137426734
0 0.7500000279396772 0.4626506119966507 0.08173077227547765 0.11566265299916267
0 0.9278846499510109 0.38072289945557714 0.10576923470944166 0.1397590390406549
1 0.3497596284141764 0.3855421766638756 0.14663462084718049 0.15421687066555023
1 0.5372596353990957 0.37349398364312947 0.11778846592642367 0.15421687066555023
0 0.6682692556641996 0.412048201309517 0.12500000465661287 0.16385542508214712
1 0.05288461735472083 0.4638554312987253 0.10096154222264886 0.151807232061401
0 0.028846154920756817 0.2710843429667875 0.057692309841513634 0.2048192813526839
1 0.5360577122773975 0.01927710883319378 0.12019231216982007 0.03855421766638756
0 0.030048078042455018 0.08313253184314817 0.060096156084910035 0.16626506368629634
