0 0.3557692440226674 0.43509617005474865 0.06730769481509924 0.08173077227547765
0 0.8461538776755333 0.44951924751512706 0.11538461968302727 0.12019231216982007
0 0.26562500989530236 0.44350963190663606 0.08413461851887405 0.10817308095283806
0 0.07211538730189204 0.41466347698587924 0.10096154222264886 0.10817308095283806
0 0.9387019580462947 0.42427886195946485 0.07932692603208125 0.12259615841321647
0 0.7295673348708078 0.45552886312361807 0.06490384857170284 0.06971154105849564
0 0.6117788689443842 0.4795673255575821 0.05528846359811723 0.05528846359811723
0 0.42548078508116305 0.42788463132455945 0.057692309841513634 0.09134615724906325
0 0.5396634816424921 0.5132211729651317 0.06490384857170284 0.07932692603208125
0 0.4675480943406001 0.4675480943406001 0.040865386137738824 0.06490384857170284
0 0.5552884822245687 0.41826924635097384 0.043269232381135225 0.06250000232830644
