0 0.682692333124578 0.6129807920660824 0.07211538730189204 0.09134615724906325
0 0.8942308025434613 0.5396634816424921 0.06250000232830644 0.08413461851887405
0 0.4951923261396587 0.6177884845528752 0.08173077227547765 0.10096154222264886
0 0.7355769504792988 0.5853365602670237 0.06250000232830644 0.07451923354528844
0 0.945913496776484 0.5264423273038119 0.05528846359811723 0.07692307978868484
0 0.1838942376198247 0.5108173267217353 0.060096156084910035 0.07932692603208125
0 0.1814903913764283 0.6057692533358932 0.060096156084910035 0.07692307978868484
0 0.6177884845528752 0.5312500197906047 0.057692309841513634 0.06730769481509924
0 0.26802885613869876 0.6742788712726906 0.08413461851887405 0.12259615841321647
0 0.7800481059821323 0.5096154036000371 0.060096156084910035 0.08653846476227045
0 0.5336538660340011 0.5649038671981543 0.06730769481509924 0.06730769481509924
0 0.2968750110594556 0.5673077134415507 0.05048077111132443 0.06730769481509924
0 0.5564904053462669 0.5072115573566407 0.05048077111132443 0.057692309841513634
0 0.45913463248871267 0.4771634793141857 0.04807692486792803 0.060096156084910035
0 0.42067309259437025 0.5588942515896633 0.05288461735472083 0.060096156084910035
0 0.26682693301700056 0.9615384973585606 0.08653846476227045 0.07211538730189204
