0 0.7932692603208125 0.5506024210480973 0.05288461735472083 0.06024096510373056
0 0.5204327116953209 0.672289170557633 0.04567307862453163 0.05783132649958134
0 0.5961538683623075 0.693975917994976 0.05288461735472083 0.05301204929128289
0 0.7295673348708078 0.6566265196306631 0.04567307862453163 0.055421687895432115
0 0.9038461875170469 0.5457831438397989 0.04807692486792803 0.05060241068713367
0 0.03605769365094602 0.672289170557633 0.03846153989434242 0.04819277208298445
0 0.40264424576889724 0.6891566407866776 0.03125000116415322 0.02891566324979067
0 0.5192307885736227 0.9819277311908081 0.04807692486792803 0.03132530185393989
0 0.5973557914840057 0.9722891767742112 0.05528846359811723 0.05060241068713367
0 0.7283654117491096 0.9903614663053304 0.04807692486792803 0.014457831624895334
0 0.03725961677264422 0.9843373697949573 0.040865386137738824 0.026506024645641446
0 0.40264424576889724 0.9783132732845843 0.03125000116415322 0.02891566324979067
