0 0.8149038765113801 0.44230770878493786 0.06250000232830644 0.08653846476227045
0 0.9350961886812001 0.45673078624531627 0.06250000232830644 0.07692307978868484
0 0.28846154920756817 0.43990386254154146 0.07692307978868484 0.06730769481509924
0 0.6322115620132536 0.45913463248871267 0.04807692486792803 0.06730769481509924
0 0.5516827128594741 0.4699519405839965 0.05528846359811723 0.06971154105849564
0 0.44350963190663606 0.44230770878493786 0.05048077111132443 0.06730769481509924
0 0.3798077064566314 0.4699519405839965 0.043269232381135225 0.06490384857170284
1 0.7572115666698664 0.46394232497550547 0.03846153989434242 0.057692309841513634
0 0.6935096412198618 0.46394232497550547 0.040865386137738824 0.06250000232830644
0 0.8762019557179883 0.46153847873210907 0.05048077111132443 0.06250000232830644
0 0.3257211659802124 0.45552886312361807 0.03125000116415322 0.06490384857170284
0 0.5829327140236273 0.4783654024358839 0.026442308677360415 0.057692309841513634
