0 0.6778846406377852 0.3737980908481404 0.057692309841513634 0.07451923354528844
0 0.5516827128594741 0.383413475821726 0.060096156084910035 0.08413461851887405
0 0.7403846429660916 0.3641827058745548 0.04807692486792803 0.07932692603208125
0 0.3497596284141764 0.3798077064566314 0.05528846359811723 0.07692307978868484
0 0.43990386254154146 0.3882211683085188 0.043269232381135225 0.06490384857170284
0 0.6274038695264608 0.3798077064566314 0.03846153989434242 0.06250000232830644
0 0.3004807804245502 0.40024039952550083 0.043269232381135225 0.06490384857170284
0 0.25360577867832035 0.39663463016040623 0.03605769365094602 0.057692309841513634
0 0.40504809201229364 0.39302886079531163 0.026442308677360415 0.04567307862453163
0 0.4903846336528659 0.3882211683085188 0.03365384740754962 0.05528846359811723
0 0.5937500221189111 0.39783655328210443 0.03365384740754962 0.05528846359811723
