0 0.8413461851887405 0.3867469959659502 0.06250000232830644 0.06024096510373056
0 0.4855769411660731 0.3795180801535025 0.05288461735472083 0.06024096510373056
0 0.21514423878397793 0.40240964689292014 0.060096156084910035 0.07228915812447667
0 0.670673101907596 0.3963855503825471 0.057692309841513634 0.06024096510373056
0 0.08052884915377945 0.4216867557261139 0.060096156084910035 0.06265060370787978
0 0.8413461851887405 0.0975903634680435 0.06250000232830644 0.06024096510373056
0 0.4855769411660731 0.10481927928049117 0.05288461735472083 0.06024096510373056
0 0.21514423878397793 0.07951807393692434 0.060096156084910035 0.07228915812447667
0 0.670673101907596 0.08795180905144662 0.057692309841513634 0.06024096510373056
0 0.08052884915377945 0.06024096510373056 0.060096156084910035 0.06265060370787978
