0 0.8629808013793081 0.5132211729651317 0.12500000465661287 0.13221154338680208
0 0.07331731042359024 0.4867788642877713 0.12740385090000927 0.13701923587359488
0 0.75480772042647 0.5420673278858885 0.07692307978868484 0.08894231100566685
0 0.5721154059283435 0.5649038671981543 0.10576923470944166 0.13461538963019848
0 0.1610576983075589 0.5468750203726813 0.10576923470944166 0.10817308095283806
0 0.9591346511151642 0.5793269446585327 0.07211538730189204 0.1538461595773697
0 0.6862981024896726 0.5312500197906047 0.05528846359811723 0.08653846476227045
0 0.4855769411660731 0.5444711741292849 0.043269232381135225 0.060096156084910035
0 0.5384615585207939 0.5108173267217353 0.04807692486792803 0.07451923354528844
0 0.652644255082123 0.5396634816424921 0.040865386137738824 0.07932692603208125
