0 0.9375000349245965 0.3689903983613476 0.057692309841513634 0.06490384857170284
0 0.1490384670905769 0.41105770762078464 0.043269232381135225 0.057692309841513634
0 0.24038462433964014 0.39663463016040623 0.04807692486792803 0.057692309841513634
0 0.3737980908481404 0.40865386137738824 0.04567307862453163 0.057692309841513634
0 0.5637019440764561 0.40264424576889724 0.04567307862453163 0.05048077111132443
0 0.42548078508116305 0.3822115527000278 0.03365384740754962 0.043269232381135225
0 0.11418269656132907 0.40384616889059544 0.026442308677360415 0.03365384740754962
0 0.4819711718009785 0.43870193941984326 0.03605769365094602 0.05048077111132443
0 0.5216346348170191 0.389423091430217 0.03365384740754962 0.04807692486792803
0 0.6790865637594834 0.3810096295783296 0.03125000116415322 0.040865386137738824
0 0.7259615655057132 0.377403860213235 0.03846153989434242 0.04807692486792803
0 0.8052884915377945 0.3762019370915368 0.03846153989434242 0.04567307862453163
0 0.6033654070924968 0.4747596330707893 0.03846153989434242 0.04567307862453163
0 0.8701923401094973 0.3846153989434242 0.043269232381135225 0.057692309841513634
0 0.5901442527538165 0.3786057833349332 0.03125000116415322 0.04567307862453163
