0 0.6156626633601263 0.45072117063682526 0.06024096510373056 0.06971154105849564
0 0.8228915833169594 0.5048077111132443 0.065060242312029 0.10576923470944166
0 0.3108433799352497 0.5745192521717399 0.03373494045808911 0.05288461735472083
0 0.4000000082887709 0.6117788689443842 0.05301204929128289 0.06490384857170284
0 0.4421686838613823 0.5961538683623075 0.055421687895432115 0.057692309841513634
0 0.4650602506007999 0.5252404041821137 0.03373494045808911 0.040865386137738824
0 0.6843373635783792 0.45552886312361807 0.04819277208298445 0.05528846359811723
1 0.7674698954215273 0.5276442504255101 0.10361445997841656 0.14182692836038768
1 0.7385542321717367 0.43870193941984326 0.026506024645641446 0.03125000116415322
0 0.9240964046912268 0.5048077111132443 0.065060242312029 0.10576923470944166
1 0.9614458030555397 0.5264423273038119 0.07228915812447667 0.14423077460378408
