0 0.5879518194124103 0.7596154129132628 0.05783132649958134 0.07692307978868484
0 0.38433735736180097 0.7319711811142042 0.036144579062238336 0.05048077111132443
0 0.45542169618420303 0.7512019510613754 0.02891566324979067 0.05048077111132443
0 0.5313253122149035 0.29206731857266277 0.026506024645641446 0.03125000116415322
1 0.23253012530039996 0.7199519498972222 0.021686747437343 0.026442308677360415
1 0.3120481992373243 0.730769257992506 0.021686747437343 0.024038462433964014
1 0.195180726936087 0.7031250261934474 0.01927710883319378 0.026442308677360415
1 0.2698795236647129 0.7295673348708078 0.01927710883319378 0.021634616190567613
1 0.25421687273774296 0.7091346418019384 0.016867470229044557 0.01923076994717121
1 0.29759036761242896 0.7199519498972222 0.016867470229044557 0.021634616190567613
1 0.3313253080705181 0.7223557961406186 0.016867470229044557 0.026442308677360415
1 0.34819277829956263 0.7175481036538258 0.021686747437343 0.026442308677360415
1 0.4746988050173968 0.7271634886274114 0.01927710883319378 0.01682692370377481
1 0.5337349508190528 0.730769257992506 0.016867470229044557 0.024038462433964014
1 0.693975917994976 0.7415865660877898 0.01927710883319378 0.021634616190567613
1 0.44457832246553153 0.7259615655057132 0.016867470229044557 0.01923076994717121
1 0.10240964067634195 0.7199519498972222 0.021686747437343 0.026442308677360415
1 0.022891566739417613 0.730769257992506 0.021686747437343 0.024038462433964014
1 0.13734940043650568 0.7031250261934474 0.01927710883319378 0.026442308677360415
1 0.06265060370787978 0.7295673348708078 0.01927710883319378 0.021634616190567613
1 0.08072289323899895 0.7091346418019384 0.016867470229044557 0.01923076994717121
1 0.03734939836431295 0.7199519498972222 0.016867470229044557 0.021634616190567613
1 0.006024096510373056 0.7211538730189204 0.012048193020746112 0.028846154920756817
1 0.9734939960762858 0.7415865660877898 0.01927710883319378 0.021634616190567613
