0 0.40144232264719903 0.2566265113418922 0.14423077460378408 0.17590361810289323
0 0.652644255082123 0.30602410272695124 0.14182692836038768 0.19759036554023623
0 0.08774038788396865 0.25542169203981757 0.14182692836038768 0.16867470229044557
0 0.8161057996330783 0.3445783203933388 0.1610576983075589 0.21204819716513157
0 0.939903881167993 0.31927711504977196 0.057692309841513634 0.1180722916033119
0 0.9807692673057318 0.3144578378414735 0.03365384740754962 0.18554217251949012
0 0.40264424576889724 0.08313253184314817 0.14663462084718049 0.16626506368629634
0 0.6514423319604248 0.06385542300995439 0.14423077460378408 0.12771084601990879
0 0.08653846476227045 0.08192771254107356 0.14423077460378408 0.16385542508214712
0 0.8149038765113801 0.04819277208298445 0.1634615445509553 0.0963855441659689
0 0.9411058042896912 0.03734939836431295 0.060096156084910035 0.0746987967286259
0 0.98197119042743 0.056626507197506726 0.03605769365094602 0.11325301439501345
