0 0.7944711834425107 0.353365397779271 0.20432693068869412 0.23557693185284734
0 0.377403860213235 0.28725962608586997 0.1875000069849193 0.21875000814907253
0 0.4831730949226767 0.40144232264719903 0.11057692719623446 0.13461538963019848
0 0.6334134851349518 0.42788463132455945 0.1562500058207661 0.1634615445509553
0 0.1670673139160499 0.3750000139698386 0.14663462084718049 0.12980769714340568
0 0.04687500174622983 0.3425480896839872 0.07451923354528844 0.08894231100566685
0 0.1754807757679373 0.3064903960330412 0.10576923470944166 0.09855769597925246
0 0.07091346418019384 0.2980769341811538 0.05048077111132443 0.057692309841513634
0 0.7932692603208125 0.044471155502833426 0.20673077693209052 0.08894231100566685
0 0.3786057833349332 0.07331731042359024 0.1899038532283157 0.14663462084718049
0 0.04567307862453163 0.013221154338680208 0.07692307978868484 0.026442308677360415
0 0.1766826988896355 0.03365384740754962 0.10817308095283806 0.06730769481509924
0 0.06971154105849564 0.027644231799058616 0.05288461735472083 0.05528846359811723
