0 0.13581731275189668 0.38072289945557714 0.04567307862453163 0.06746988091617823
0 0.6971154105849564 0.37349398364312947 0.057692309841513634 0.08192771254107356
0 0.40504809201229364 0.39518073108047247 0.060096156084910035 0.07710843533277512
0 0.24038462433964014 0.38192771875765175 0.06250000232830644 0.08915662835352123
0 0.19831731508020312 0.4096385627053678 0.05528846359811723 0.07228915812447667
0 0.28125001047737896 0.3987951889866963 0.03365384740754962 0.06024096510373056
0 0.43870193941984326 0.3771084415493533 0.021634616190567613 0.04096385627053678
0 0.4759615561924875 0.3638554292265326 0.06730769481509924 0.08192771254107356
1 0.5252404041821137 0.37349398364312947 0.04567307862453163 0.07710843533277512
0 0.5637019440764561 0.38313253805972636 0.03125000116415322 0.03855421766638756
0 0.7992788759293035 0.37349398364312947 0.040865386137738824 0.05301204929128289
0 0.8701923401094973 0.38313253805972636 0.03846153989434242 0.05783132649958134
0 0.9194711880991235 0.3674698871327564 0.06490384857170284 0.10361445997841656
0 0.969951959210448 0.37108434503898025 0.05048077111132443 0.06746988091617823
