0 0.7132530268281698 0.3144578378414735 0.0963855441659689 0.10361445997841656
0 0.36024097132030874 0.30481928342487663 0.10361445997841656 0.1180722916033119
1 0.5674698912771419 0.3783132608514279 0.0746987967286259 0.07710843533277512
1 0.6903614600887522 0.36987952573690563 0.06024096510373056 0.0746987967286259
1 0.7855421849526465 0.3132530185393989 0.05783132649958134 0.05301204929128289
1 0.65060242312029 0.30843374133110046 0.05783132649958134 0.08192771254107356
1 0.5156626612879336 0.303614464122802 0.05783132649958134 0.06746988091617823
0 0.9650602609617636 0.3132530185393989 0.065060242312029 0.10602409858256578
1 0.985542189097032 0.368674706434831 0.024096386041492224 0.07710843533277512
1 0.9084337537642568 0.3132530185393989 0.05783132649958134 0.05301204929128289
