0 0.6277108563808724 0.8173077227547765 0.06987951952032745 0.09615384973585606
0 0.4614457926945761 0.8209134921198711 0.07951807393692434 0.07451923354528844
0 0.7951807393692434 0.6754807943943888 0.043373494874686 0.05288461735472083
0 0.2578313306439668 0.646634639473632 0.03373494045808911 0.04807692486792803
0 0.29518072900827974 0.646634639473632 0.036144579062238336 0.03846153989434242
0 0.7698795340256765 0.7355769504792988 0.045783133478835225 0.05288461735472083
0 0.8722891747020185 0.6754807943943888 0.043373494874686 0.05288461735472083
0 0.0746987967286259 0.646634639473632 0.03373494045808911 0.04807692486792803
0 0.03975903696846217 0.646634639473632 0.036144579062238336 0.03846153989434242
0 0.9000000186497346 0.7355769504792988 0.045783133478835225 0.05288461735472083
