1 0.8978365719085559 0.37228916434105486 0.06971154105849564 0.09879518277011812
1 0.3245192428585142 0.37349398364312947 0.08173077227547765 0.0963855441659689
1 0.5588942515896633 0.37108434503898025 0.06971154105849564 0.09156626695767045
1 0.042067309259437025 0.3578313327161595 0.06971154105849564 0.1180722916033119
1 0.8329327233368531 0.4096385627053678 0.11298077343963087 0.1493975934572518
1 0.12019231216982007 0.3879518152680248 0.12019231216982007 0.14457831624895334
1 0.4855769411660731 0.390361453872174 0.08653846476227045 0.10602409858256578
1 0.24278847058303654 0.3325301273725927 0.10576923470944166 0.14457831624895334
1 0.7055288724368438 0.37108434503898025 0.09375000349245965 0.130120484624058
1 0.377403860213235 0.36987952573690563 0.057692309841513634 0.06987951952032745
1 0.6394231007434428 0.3771084415493533 0.04807692486792803 0.0746987967286259
1 0.040865386137738824 0.018072289531119168 0.07211538730189204 0.036144579062238336
1 0.24399039370473474 0.03734939836431295 0.10817308095283806 0.0746987967286259
1 0.7043269493151456 0.014457831624895334 0.09615384973585606 0.02891566324979067
