0 0.9591346511151642 0.43269232381135225 0.07211538730189204 0.06730769481509924
0 0.22596154687926173 0.26562500989530236 0.07211538730189204 0.07932692603208125
0 0.22836539312265813 0.341346166562289 0.07211538730189204 0.06730769481509924
0 0.10937500407453626 0.371394244604744 0.06490384857170284 0.06490384857170284
0 0.42548078508116305 0.3125000116415322 0.04807692486792803 0.06250000232830644
0 0.6670673325425014 0.5012019417481497 0.05528846359811723 0.060096156084910035
0 0.7764423366170377 0.46153847873210907 0.057692309841513634 0.057692309841513634
0 0.8617788782576099 0.3786057833349332 0.06971154105849564 0.06490384857170284
1 0.19951923820190132 0.1706730832811445 0.04807692486792803 0.05288461735472083
1 0.29447116481605917 0.1754807757679373 0.040865386137738824 0.04807692486792803
1 0.19951923820190132 0.040865386137738824 0.04807692486792803 0.05288461735472083
1 0.29447116481605917 0.03605769365094602 0.040865386137738824 0.04807692486792803
