1 0.7103365649236366 0.3566265134140849 0.06490384857170284 0.08192771254107356
1 0.8653846476227045 0.3783132608514279 0.07211538730189204 0.10602409858256578
1 0.5144230960868299 0.34819277829956263 0.06250000232830644 0.08433735114522278
1 0.10817308095283806 0.3216867536539212 0.06250000232830644 0.08915662835352123
1 0.3185096272500232 0.368674706434831 0.06490384857170284 0.08192771254107356
1 0.44591347815003246 0.3445783203933388 0.05528846359811723 0.08192771254107356
1 0.19951923820190132 0.34939759760163724 0.04807692486792803 0.06746988091617823
1 0.3509615515358746 0.3349397659767419 0.04807692486792803 0.07228915812447667
1 0.5649038671981543 0.3337349466746673 0.03846153989434242 0.06024096510373056
1 0.6442307932302356 0.3746988029452041 0.04807692486792803 0.06024096510373056
1 0.10937500407453626 0.012048193020746112 0.06490384857170284 0.024096386041492224
