0 0.10937500407453626 0.44230770878493786 0.08413461851887405 0.10096154222264886
0 0.25600962492171675 0.44951924751512706 0.08894231100566685 0.11538461968302727
0 0.20552885381039232 0.45072117063682526 0.05048077111132443 0.06971154105849564
0 0.45913463248871267 0.46033655561041087 0.09134615724906325 0.10817308095283806
0 0.6021634839707986 0.46274040185380727 0.06490384857170284 0.06971154105849564
0 0.7259615655057132 0.42548078508116305 0.10576923470944166 0.13461538963019848
0 0.8629808013793081 0.3846153989434242 0.1538461595773697 0.1778846220113337
0 0.3858173220651224 0.45192309375852346 0.06490384857170284 0.09615384973585606
0 0.3305288584670052 0.44951924751512706 0.05528846359811723 0.08173077227547765
0 0.8641827245010063 0.03125000116415322 0.1562500058207661 0.06250000232830644
