1 0.40865386137738824 0.3581730902660638 0.07692307978868484 0.08653846476227045
1 0.5937500221189111 0.3737980908481404 0.07211538730189204 0.09855769597925246
1 0.9098558031255379 0.383413475821726 0.08413461851887405 0.08413461851887405
1 0.8004807990510017 0.3485577052924782 0.09615384973585606 0.10096154222264886
1 0.24038462433964014 0.3281250122236088 0.10096154222264886 0.10336538846604526
1 0.7211538730189204 0.44230770878493786 0.06250000232830644 0.07692307978868484
1 0.5540865591028705 0.41225963074248284 0.04567307862453163 0.07932692603208125
1 0.03966346301604062 0.45192309375852346 0.05528846359811723 0.06250000232830644
1 0.5012019417481497 0.43629809317644686 0.04567307862453163 0.05528846359811723
1 0.1706730832811445 0.40144232264719903 0.057692309841513634 0.07211538730189204
1 0.12740385090000927 0.43990386254154146 0.043269232381135225 0.057692309841513634
1 0.29086539545096457 0.45072117063682526 0.04807692486792803 0.07451923354528844
1 0.40985578449908644 0.009615384973585606 0.07932692603208125 0.01923076994717121
1 0.8016827221726999 0.01802884682547301 0.09855769597925246 0.03605769365094602
1 0.24158654746133834 0.028846154920756817 0.10336538846604526 0.057692309841513634
