0 0.7295673348708078 0.44457832246553153 0.1514423133339733 0.151807232061401
0 0.4687500174622983 0.3578313327161595 0.12019231216982007 0.11325301439501345
0 0.3485577052924782 0.3433735010912642 0.08653846476227045 0.108433737186715
0 0.5336538660340011 0.45542169618420303 0.10576923470944166 0.130120484624058
0 0.28004808735568076 0.33855422388296574 0.05528846359811723 0.06024096510373056
1 0.8689904169877991 0.35180723620578647 0.026442308677360415 0.03373494045808911
0 0.19591346883680671 0.3662650678306818 0.06971154105849564 0.06265060370787978
0 0.4699519405839965 0.016867470229044557 0.12259615841321647 0.03373494045808911
0 0.3497596284141764 0.022891566739417613 0.08894231100566685 0.045783133478835225
0 0.27884616423398256 0.013253012322820723 0.057692309841513634 0.026506024645641446
