0 0.592548098997213 0.3677884752396494 0.060096156084910035 0.07692307978868484
0 0.7355769504792988 0.3485577052924782 0.06250000232830644 0.057692309841513634
2 0.7500000279396772 0.5192307885736227 0.11538461968302727 0.40865386137738824
2 0.5769230984151363 0.5228365579387173 0.13942308211699128 0.3822115527000278
0 0.592548098997213 0.06490384857170284 0.060096156084910035 0.07692307978868484
0 0.7355769504792988 0.08413461851887405 0.06250000232830644 0.057692309841513634
2 0.7512019510613754 0.060096156084910035 0.11778846592642367 0.12019231216982007
2 0.7512019510613754 0.9158654187340289 0.11778846592642367 0.1634615445509553
2 0.5781250215368345 0.05168269423302263 0.14182692836038768 0.10336538846604526
2 0.5781250215368345 0.9206731112208217 0.14182692836038768 0.1538461595773697
