0 0.05048077111132443 0.412048201309517 0.057692309841513634 0.09156626695767045
0 0.1935096225934103 0.4228915750281885 0.05528846359811723 0.06987951952032745
0 0.8437500314321369 0.4409638645593077 0.057692309841513634 0.07228915812447667
0 0.5709134828066453 0.4289156715385616 0.05528846359811723 0.06746988091617823
0 0.42067309259437025 0.42409639433026314 0.04807692486792803 0.07228915812447667
0 0.5144230960868299 0.4313253101427108 0.03846153989434242 0.05783132649958134
0 0.75480772042647 0.45903615409042686 0.04807692486792803 0.06024096510373056
0 0.3581730902660638 0.43373494874686 0.03365384740754962 0.05783132649958134
0 0.10937500407453626 0.44819278037175536 0.03125000116415322 0.05301204929128289
0 0.1538461595773697 0.44939759967383 0.043269232381135225 0.055421687895432115
0 0.25600962492171675 0.4518072382779792 0.04567307862453163 0.055421687895432115
0 0.3269230891019106 0.4506024189759046 0.043269232381135225 0.06265060370787978
0 0.6454327163519338 0.43855422595515847 0.040865386137738824 0.06265060370787978
0 0.9411058042896912 0.471084347111173 0.03125000116415322 0.036144579062238336
0 0.9831731135491282 0.4819277208298445 0.024038462433964014 0.03855421766638756
