1 0.06610577169340104 0.3617788596311584 0.06490384857170284 0.08413461851887405
1 0.1838942376198247 0.3221153966151178 0.06490384857170284 0.08173077227547765
1 0.22836539312265813 0.26802885613869876 0.05288461735472083 0.07932692603208125
1 0.3076923191547394 0.329326935345307 0.06250000232830644 0.08173077227547765
1 0.365384628996253 0.3076923191547394 0.057692309841513634 0.08173077227547765
1 0.42908655444625765 0.25961539428681135 0.05048077111132443 0.057692309841513634
1 0.4759615561924875 0.335336550953798 0.06250000232830644 0.06971154105849564
1 0.5024038648698479 0.28245193359907717 0.04807692486792803 0.06971154105849564
1 0.610576945822686 0.28485577984247357 0.057692309841513634 0.06971154105849564
1 0.8064904146594927 0.389423091430217 0.05528846359811723 0.06250000232830644
1 0.664663486299105 0.28966347232926637 0.05048077111132443 0.06971154105849564
1 0.9423077274113894 0.359375013387762 0.06730769481509924 0.09855769597925246
1 0.8401442620670423 0.323317319736816 0.05528846359811723 0.06971154105849564
1 0.7680288747651502 0.29086539545096457 0.06490384857170284 0.07692307978868484
1 0.760817336034961 0.23076923936605453 0.04567307862453163 0.057692309841513634
1 0.8377404158236459 0.25480770180001855 0.05528846359811723 0.06250000232830644
1 0.22956731624435633 0.012019231216982007 0.05528846359811723 0.024038462433964014
1 0.42788463132455945 0.010817308095283806 0.05288461735472083 0.021634616190567613
1 0.7596154129132628 0.025240385555662215 0.04807692486792803 0.05048077111132443
1 0.8365384927019477 0.014423077460378408 0.057692309841513634 0.028846154920756817
