0 0.7980769528076053 0.44457832246553153 0.08173077227547765 0.09879518277011812
1 0.6730769481509924 0.4409638645593077 0.057692309841513634 0.07228915812447667
1 0.736778873600997 0.4542168768821284 0.04567307862453163 0.06024096510373056
1 0.8846154175698757 0.45662651548627764 0.03365384740754962 0.045783133478835225
0 0.371394244604744 0.4409638645593077 0.04567307862453163 0.05783132649958134
1 0.5468750203726813 0.471084347111173 0.05528846359811723 0.05060241068713367
0 0.5504807897377759 0.4397590452572331 0.03846153989434242 0.045783133478835225
1 0.9254808037076145 0.45783133478835225 0.024038462433964014 0.03855421766638756
1 0.9867788829142228 0.43734940665308386 0.021634616190567613 0.055421687895432115
1 0.9723558054538444 0.4614457926945761 0.03605769365094602 0.05060241068713367
