0 0.03485577052924782 0.42548078508116305 0.060096156084910035 0.07692307978868484
1 0.9567308048717678 0.4807692486792803 0.08173077227547765 0.11538461968302727
1 0.22596154687926173 0.44110578566323966 0.057692309841513634 0.06971154105849564
1 0.5540865591028705 0.42187501571606845 0.04567307862453163 0.06971154105849564
1 0.4747596330707893 0.41826924635097384 0.05528846359811723 0.05288461735472083
1 0.3257211659802124 0.41466347698587924 0.04567307862453163 0.06971154105849564
1 0.1526442364556715 0.40384616889059544 0.04567307862453163 0.05288461735472083
0 0.26682693301700056 0.389423091430217 0.03846153989434242 0.04807692486792803
1 0.25961539428681135 0.41346155386418104 0.03365384740754962 0.043269232381135225
1 0.39663463016040623 0.40625001513399184 0.03365384740754962 0.05288461735472083
1 0.44951924751512706 0.40144232264719903 0.03365384740754962 0.057692309841513634
1 0.6262019464047626 0.40504809201229364 0.04567307862453163 0.05528846359811723
1 0.5156250192085281 0.39182693767361343 0.03125000116415322 0.03846153989434242
