0 0.8942308025434613 0.35903615201823413 0.12980769714340568 0.16867470229044557
1 0.45072117063682526 0.3795180801535025 0.11778846592642367 0.16626506368629634
1 0.09495192661415786 0.31686747644562274 0.11778846592642367 0.14216867764480412
1 0.6430288701085374 0.3855421766638756 0.10336538846604526 0.13493976183235645
1 0.1838942376198247 0.39156627317424864 0.06971154105849564 0.06987951952032745
1 0.3076923191547394 0.42409639433026314 0.06250000232830644 0.08192771254107356
1 0.5612980978330597 0.3963855503825471 0.09375000349245965 0.11325301439501345
1 0.5240384810604155 0.44578314176760614 0.057692309841513634 0.086746989749372
0 0.8954327256651595 0.027710843947716057 0.13221154338680208 0.055421687895432115
1 0.44951924751512706 0.016867470229044557 0.12019231216982007 0.03373494045808911
1 0.09375000349245965 0.04216867557261139 0.12019231216982007 0.08433735114522278
