0 0.8870192638132721 0.3638554292265326 0.07211538730189204 0.09156626695767045
0 0.39783655328210443 0.23012048669625074 0.13701923587359488 0.12771084601990879
0 0.6562500244472176 0.2987951869145036 0.10576923470944166 0.14457831624895334
0 0.09254808037076145 0.33975904318504035 0.11778846592642367 0.11566265299916267
0 0.7716346441302449 0.33734940458089113 0.09134615724906325 0.11566265299916267
0 0.9507211892632768 0.4228915750281885 0.060096156084910035 0.06987951952032745
0 0.3425480896839872 0.3240963922580704 0.06490384857170284 0.10361445997841656
0 0.39783655328210443 0.10000000207219273 0.13701923587359488 0.12771084601990879
0 0.6574519475689158 0.05180722998920828 0.10817308095283806 0.10361445997841656
0 0.09134615724906325 0.024096386041492224 0.12019231216982007 0.04819277208298445
0 0.772836567251943 0.025301205343566835 0.09375000349245965 0.05060241068713367
0 0.341346166562289 0.02891566324979067 0.06730769481509924 0.05783132649958134
