0 0.8870192638132721 0.3204819343518466 0.06250000232830644 0.086746989749372
0 0.26442308677360415 0.33734940458089113 0.06250000232830644 0.086746989749372
0 0.4903846336528659 0.3554216941120103 0.043269232381135225 0.06987951952032745
0 0.5649038671981543 0.3650602485286072 0.04807692486792803 0.06024096510373056
0 0.365384628996253 0.36265060992445797 0.043269232381135225 0.06024096510373056
0 0.20072116132359952 0.36987952573690563 0.026442308677360415 0.055421687895432115
0 0.01682692370377481 0.39397591177839786 0.03365384740754962 0.045783133478835225
0 0.8461538776755333 0.36144579062238336 0.01923076994717121 0.02891566324979067
0 0.8882211869349703 0.02891566324979067 0.06490384857170284 0.05783132649958134
0 0.26562500989530236 0.02048192813526839 0.06490384857170284 0.04096385627053678
0 0.4915865567745641 0.007228915812447667 0.04567307862453163 0.014457831624895334
