0 0.41586540010757744 0.43269232381135225 0.08173077227547765 0.09134615724906325
0 0.6141827151877806 0.42187501571606845 0.06971154105849564 0.06971154105849564
0 0.7343750273576006 0.1899038532283157 0.05528846359811723 0.03846153989434242
0 0.39062501455191523 0.25120193243492395 0.040865386137738824 0.04567307862453163
0 0.7680288747651502 0.20312500756699592 0.040865386137738824 0.04567307862453163
0 0.8149038765113801 0.20432693068869412 0.024038462433964014 0.03365384740754962
0 0.8701923401094973 0.1923076994717121 0.024038462433964014 0.028846154920756817
0 0.8870192638132721 0.20312500756699592 0.024038462433964014 0.026442308677360415
0 0.7343750273576006 0.14663462084718049 0.05528846359811723 0.03846153989434242
0 0.39062501455191523 0.08774038788396865 0.040865386137738824 0.04567307862453163
0 0.7680288747651502 0.13581731275189668 0.040865386137738824 0.04567307862453163
0 0.8149038765113801 0.13221154338680208 0.024038462433964014 0.03365384740754962
0 0.8701923401094973 0.14423077460378408 0.024038462433964014 0.028846154920756817
0 0.8870192638132721 0.13581731275189668 0.024038462433964014 0.026442308677360415
