0 0.389423091430217 0.40985578449908644 0.043269232381135225 0.06490384857170284
0 0.03966346301604062 0.5000000186264515 0.040865386137738824 0.06250000232830644
0 0.1634615445509553 0.5552884822245687 0.05288461735472083 0.057692309841513634
0 0.3389423203188926 0.29206731857266277 0.03365384740754962 0.040865386137738824
0 0.3149038578849286 0.26682693301700056 0.03365384740754962 0.05288461735472083
0 0.5997596377274022 0.5300480966689065 0.040865386137738824 0.06490384857170284
0 0.7836538753472269 0.5348557891556993 0.05288461735472083 0.05528846359811723
0 0.5576923284679651 0.42067309259437025 0.043269232381135225 0.057692309841513634
0 0.6189904076745734 0.42908655444625765 0.05048077111132443 0.06490384857170284
0 0.7932692603208125 0.42548078508116305 0.04807692486792803 0.057692309841513634
0 0.8353365695802495 0.42067309259437025 0.03125000116415322 0.04807692486792803
0 0.3389423203188926 0.042067309259437025 0.03365384740754962 0.040865386137738824
0 0.3149038578849286 0.06490384857170284 0.03365384740754962 0.05288461735472083
