0 0.21875000814907253 0.3689903983613476 0.08653846476227045 0.09375000349245965
0 0.04807692486792803 0.3341346278320998 0.06730769481509924 0.08173077227547765
1 0.3040865497896448 0.3737980908481404 0.040865386137738824 0.05048077111132443
1 0.3557692440226674 0.3882211683085188 0.057692309841513634 0.07451923354528844
0 0.42908655444625765 0.3581730902660638 0.05528846359811723 0.07211538730189204
0 0.5420673278858885 0.3497596284141764 0.06971154105849564 0.09375000349245965
1 0.5997596377274022 0.3641827058745548 0.05528846359811723 0.06971154105849564
1 0.6682692556641996 0.3689903983613476 0.06250000232830644 0.07932692603208125
1 0.7451923354528844 0.3810096295783296 0.05288461735472083 0.06971154105849564
1 0.7836538753472269 0.3762019370915368 0.03365384740754962 0.04567307862453163
1 0.9230769574642181 0.3762019370915368 0.07211538730189204 0.09375000349245965
1 0.975961574818939 0.3846153989434242 0.03846153989434242 0.08173077227547765
0 0.04927884798962623 0.022836539312265813 0.06971154105849564 0.04567307862453163
0 0.42788463132455945 0.008413461851887405 0.057692309841513634 0.01682692370377481
0 0.5408654047641903 0.01802884682547301 0.07211538730189204 0.03605769365094602
