0 0.766826951643452 0.3149038578849286 0.05288461735472083 0.057692309841513634
1 0.7836538753472269 0.3870192451868206 0.07211538730189204 0.09134615724906325
1 0.25120193243492395 0.353365397779271 0.06490384857170284 0.10096154222264886
1 0.1706730832811445 0.39302886079531163 0.10096154222264886 0.11778846592642367
1 0.8822115713264793 0.3509615515358746 0.057692309841513634 0.06250000232830644
1 0.7151442574104294 0.3461538590490818 0.05048077111132443 0.06250000232830644
1 0.9615384973585606 0.4747596330707893 0.057692309841513634 0.13221154338680208
1 0.9675481129670516 0.341346166562289 0.04567307862453163 0.057692309841513634
1 0.939903881167993 0.3305288584670052 0.03846153989434242 0.04567307862453163
0 0.7680288747651502 0.028846154920756817 0.05528846359811723 0.057692309841513634
1 0.25000000931322575 0.020432693068869412 0.06730769481509924 0.040865386137738824
1 0.8834134944481775 0.012019231216982007 0.060096156084910035 0.024038462433964014
1 0.7139423342887312 0.014423077460378408 0.05288461735472083 0.028846154920756817
1 0.9663461898453534 0.01562500058207661 0.04807692486792803 0.03125000116415322
1 0.9411058042896912 0.01802884682547301 0.040865386137738824 0.03605769365094602
