0 0.28605770296417177 0.43734940665308386 0.07692307978868484 0.09397590556181967
0 0.4759615561924875 0.4228915750281885 0.08173077227547765 0.09879518277011812
0 0.20192308444529772 0.471084347111173 0.10576923470944166 0.1180722916033119
0 0.42187501571606845 0.31927711504977196 0.06490384857170284 0.09397590556181967
0 0.5997596377274022 0.5927710966207087 0.11778846592642367 0.13493976183235645
0 0.8750000325962901 0.5734939877875149 0.12500000465661287 0.10602409858256578
0 0.7932692603208125 0.4313253101427108 0.08173077227547765 0.06746988091617823
0 0.29447116481605917 0.28554217459168285 0.05048077111132443 0.08433735114522278
0 0.4759615561924875 0.2578313306439668 0.05288461735472083 0.07228915812447667
0 0.7103365649236366 0.25421687273774296 0.060096156084910035 0.09397590556181967
0 0.3750000139698386 0.6891566407866776 0.1586538520641625 0.17831325670704246
0 0.652644255082123 0.4602409733925015 0.09375000349245965 0.11084337579086423
0 0.42067309259437025 0.036144579062238336 0.06730769481509924 0.07228915812447667
0 0.29447116481605917 0.05903614580165595 0.05048077111132443 0.08433735114522278
0 0.4759615561924875 0.08433735114522278 0.05288461735472083 0.07228915812447667
0 0.7103365649236366 0.09036144765559584 0.060096156084910035 0.09397590556181967
0 0.3762019370915368 0.9397590556181967 0.1610576983075589 0.11566265299916267
