1 0.8425481083104387 0.48795181734021753 0.060096156084910035 0.06987951952032745
1 0.5805288677802309 0.44578314176760614 0.05048077111132443 0.07710843533277512
1 0.5168269423302263 0.4506024189759046 0.04807692486792803 0.06265060370787978
1 0.14062500523868948 0.4843373594339937 0.05048077111132443 0.06265060370787978
1 0.688701948733069 0.44578314176760614 0.05048077111132443 0.06746988091617823
1 0.7896634909557179 0.4506024189759046 0.05048077111132443 0.06746988091617823
1 0.7211538730189204 0.520481938496232 0.05288461735472083 0.07710843533277512
1 0.3858173220651224 0.5168674805900082 0.05048077111132443 0.06987951952032745
1 0.23557693185284734 0.4867469980381429 0.04807692486792803 0.06265060370787978
1 0.7403846429660916 0.4518072382779792 0.043269232381135225 0.06024096510373056
1 0.28485577984247357 0.5096385647775605 0.05048077111132443 0.055421687895432115
1 0.8401442620670423 0.43855422595515847 0.05048077111132443 0.06265060370787978
1 0.1778846220113337 0.5000000103609636 0.04807692486792803 0.065060242312029
1 0.3088942422764376 0.48072290152776986 0.03605769365094602 0.05060241068713367
1 0.3545673209009692 0.4819277208298445 0.03605769365094602 0.05301204929128289
1 0.3389423203188926 0.4409638645593077 0.03846153989434242 0.05301204929128289
1 0.42908655444625765 0.4542168768821284 0.04567307862453163 0.065060242312029
1 0.4699519405839965 0.4614457926945761 0.03605769365094602 0.05060241068713367
1 0.44951924751512706 0.514457841985859 0.04807692486792803 0.065060242312029
1 0.5240384810604155 0.5240963964024559 0.05288461735472083 0.06987951952032745
1 0.6334134851349518 0.44578314176760614 0.04567307862453163 0.05301204929128289
1 0.6298077157698572 0.5012048296630383 0.04807692486792803 0.07228915812447667
