0 0.057692309841513634 0.46274040185380727 0.03846153989434242 0.04567307862453163
0 0.07932692603208125 0.45552886312361807 0.03365384740754962 0.05528846359811723
0 0.1538461595773697 0.4795673255575821 0.05288461735472083 0.05048077111132443
0 0.5408654047641903 0.44831732439342886 0.03365384740754962 0.040865386137738824
0 0.6490384857170284 0.43149040068965405 0.03365384740754962 0.040865386137738824
0 0.9495192661415786 0.43149040068965405 0.03365384740754962 0.04567307862453163
0 0.8533654164057225 0.43750001629814506 0.03365384740754962 0.043269232381135225
0 0.760817336034961 0.42908655444625765 0.03125000116415322 0.04567307862453163
0 0.7271634886274114 0.43750001629814506 0.03125000116415322 0.043269232381135225
0 0.6802884868811816 0.44591347815003246 0.03365384740754962 0.040865386137738824
0 0.987980806035921 0.43509617005474865 0.01923076994717121 0.04807692486792803
