1 0.22836539312265813 0.3798077064566314 0.057692309841513634 0.07692307978868484
1 0.700721179950051 0.359375013387762 0.06490384857170284 0.07932692603208125
1 0.42067309259437025 0.3389423203188926 0.05288461735472083 0.07692307978868484
1 0.11418269656132907 0.3798077064566314 0.040865386137738824 0.04807692486792803
1 0.598557714605704 0.371394244604744 0.03365384740754962 0.040865386137738824
1 0.658653870690614 0.3798077064566314 0.043269232381135225 0.057692309841513634
1 0.75480772042647 0.3762019370915368 0.03846153989434242 0.04567307862453163
1 0.8798077250830829 0.353365397779271 0.043269232381135225 0.057692309841513634
1 0.8233173383632675 0.3689903983613476 0.03605769365094602 0.040865386137738824
1 0.9411058042896912 0.3677884752396494 0.03125000116415322 0.03846153989434242
1 0.5132211729651317 0.3545673209009692 0.040865386137738824 0.05528846359811723
