0 0.23076923936605453 0.368674706434831 0.04807692486792803 0.06265060370787978
0 0.3341346278320998 0.38192771875765175 0.057692309841513634 0.055421687895432115
0 0.42908655444625765 0.3783132608514279 0.04567307862453163 0.05783132649958134
0 0.4951923261396587 0.3795180801535025 0.03365384740754962 0.05060241068713367
0 0.5324519429123029 0.3783132608514279 0.040865386137738824 0.06265060370787978
0 0.5637019440764561 0.39156627317424864 0.03125000116415322 0.04096385627053678
0 0.6177884845528752 0.390361453872174 0.03846153989434242 0.05301204929128289
0 0.5997596377274022 0.3746988029452041 0.03605769365094602 0.06024096510373056
0 0.6478365625953302 0.38192771875765175 0.03605769365094602 0.05060241068713367
0 0.7283654117491096 0.3879518152680248 0.03846153989434242 0.05783132649958134
0 0.7716346441302449 0.37228916434105486 0.06250000232830644 0.07951807393692434
