0 0.08774038788396865 0.3377403971971944 0.04567307862453163 0.05528846359811723
1 0.1838942376198247 0.3185096272500232 0.05048077111132443 0.05048077111132443
1 0.305288472911343 0.3064903960330412 0.057692309841513634 0.060096156084910035
1 0.23317308560945094 0.3305288584670052 0.03846153989434242 0.04567307862453163
1 0.42067309259437025 0.3305288584670052 0.043269232381135225 0.04567307862453163
1 0.4747596330707893 0.3389423203188926 0.03125000116415322 0.03365384740754962
1 0.5721154059283435 0.28365385672077537 0.08173077227547765 0.08653846476227045
1 0.6117788689443842 0.2956730879377574 0.040865386137738824 0.04807692486792803
1 0.8750000325962901 0.3377403971971944 0.11057692719623446 0.11298077343963087
0 0.08653846476227045 0.01682692370377481 0.04807692486792803 0.03365384740754962
1 0.1826923144981265 0.025240385555662215 0.05288461735472083 0.05048077111132443
1 0.305288472911343 0.03725961677264422 0.057692309841513634 0.060096156084910035
1 0.23437500873114914 0.01802884682547301 0.040865386137738824 0.03605769365094602
1 0.42187501571606845 0.01802884682547301 0.04567307862453163 0.03605769365094602
1 0.4735577099490911 0.010817308095283806 0.03365384740754962 0.021634616190567613
1 0.5721154059283435 0.057692309841513634 0.08173077227547765 0.08653846476227045
1 0.6117788689443842 0.04567307862453163 0.040865386137738824 0.04807692486792803
1 0.8762019557179883 0.03125000116415322 0.11298077343963087 0.06250000232830644
