0 0.3317307815887034 0.29759036761242896 0.04807692486792803 0.05060241068713367
0 0.6742788712726906 0.27228916226886213 0.05048077111132443 0.06265060370787978
0 0.13942308211699128 0.3132530185393989 0.03846153989434242 0.05783132649958134
0 0.20913462317548692 0.3361445852788165 0.03365384740754962 0.045783133478835225
0 0.22836539312265813 0.3144578378414735 0.028846154920756817 0.04096385627053678
0 0.8317308002151549 0.3783132608514279 0.06250000232830644 0.086746989749372
0 0.6995192568283528 0.281927716685459 0.03365384740754962 0.05783132649958134
0 0.6009615608491004 0.29638554831035435 0.043269232381135225 0.05783132649958134
0 0.43990386254154146 0.3096385606331751 0.043269232381135225 0.06024096510373056
0 0.4855769411660731 0.325301211560145 0.04807692486792803 0.05783132649958134
0 0.5372596353990957 0.3204819343518466 0.021634616190567613 0.03373494045808911
0 0.08173077227547765 0.30843374133110046 0.043269232381135225 0.05301204929128289
0 0.013221154338680208 0.30481928342487663 0.021634616190567613 0.055421687895432115
0 0.3317307815887034 0.03734939836431295 0.04807692486792803 0.05060241068713367
0 0.6742788712726906 0.06024096510373056 0.05048077111132443 0.06265060370787978
0 0.14062500523868948 0.025301205343566835 0.040865386137738824 0.05060241068713367
0 0.21033654629718512 0.0108433737186715 0.03605769365094602 0.021686747437343
0 0.22956731624435633 0.02048192813526839 0.03125000116415322 0.04096385627053678
0 0.6995192568283528 0.05060241068713367 0.03365384740754962 0.05783132649958134
0 0.6009615608491004 0.036144579062238336 0.043269232381135225 0.05783132649958134
0 0.44110578566323966 0.027710843947716057 0.04567307862453163 0.055421687895432115
0 0.4867788642877713 0.01927710883319378 0.05048077111132443 0.03855421766638756
0 0.5360577122773975 0.015662650926969945 0.024038462433964014 0.03132530185393989
0 0.08293269539717585 0.026506024645641446 0.04567307862453163 0.05301204929128289
0 0.013221154338680208 0.03012048255186528 0.021634616190567613 0.055421687895432115
