0 0.3377403971971944 0.40745193825569004 0.05048077111132443 0.060096156084910035
1 0.9038461875170469 0.3786057833349332 0.07692307978868484 0.09375000349245965
1 0.712740411167033 0.39423078391700983 0.05528846359811723 0.06730769481509924
1 0.5793269446585327 0.3701923214830458 0.05288461735472083 0.06730769481509924
1 0.25120193243492395 0.41466347698587924 0.040865386137738824 0.060096156084910035
1 0.13461538963019848 0.40384616889059544 0.057692309841513634 0.057692309841513634
1 0.28605770296417177 0.40024039952550083 0.03846153989434242 0.04567307862453163
1 0.3858173220651224 0.40625001513399184 0.03605769365094602 0.04807692486792803
1 0.41826924635097384 0.41346155386418104 0.028846154920756817 0.04807692486792803
1 0.44471155502833426 0.41466347698587924 0.028846154920756817 0.03125000116415322
1 0.5108173267217353 0.39182693767361343 0.04567307862453163 0.057692309841513634
