1 0.6935096412198618 0.43734940665308386 0.06971154105849564 0.08433735114522278
1 0.6310096388915554 0.42650603293441236 0.05528846359811723 0.06746988091617823
1 0.22235577751416713 0.4289156715385616 0.04567307862453163 0.06746988091617823
1 0.1730769295245409 0.42771085223648697 0.05288461735472083 0.06987951952032745
1 0.39302886079531163 0.44819278037175536 0.05048077111132443 0.05783132649958134
1 0.5396634816424921 0.43493976804893464 0.05048077111132443 0.065060242312029
1 0.03846153989434242 0.46987952780909836 0.057692309841513634 0.05783132649958134
1 0.3281250122236088 0.43373494874686 0.03605769365094602 0.04819277208298445
1 0.45192309375852346 0.4397590452572331 0.03846153989434242 0.055421687895432115
1 0.3016827035462484 0.4325301294447854 0.03125000116415322 0.045783133478835225
1 0.04927884798962623 0.43493976804893464 0.03605769365094602 0.045783133478835225
