0 0.8653846476227045 0.3325301273725927 0.07211538730189204 0.086746989749372
0 0.25360577867832035 0.32650603086221963 0.07932692603208125 0.09397590556181967
0 0.5540865591028705 0.346987958997488 0.05528846359811723 0.07228915812447667
0 0.7199519498972222 0.3554216941120103 0.05528846359811723 0.065060242312029
0 0.40264424576889724 0.3361445852788165 0.05048077111132443 0.0746987967286259
0 0.45072117063682526 0.3445783203933388 0.040865386137738824 0.06265060370787978
0 0.7836538753472269 0.346987958997488 0.043269232381135225 0.05783132649958134
0 0.5084134804783389 0.35903615201823413 0.040865386137738824 0.06265060370787978
0 0.6129807920660824 0.346987958997488 0.04807692486792803 0.05783132649958134
0 0.8665865707444027 0.022891566739417613 0.07451923354528844 0.045783133478835225
0 0.25240385555662215 0.027710843947716057 0.08173077227547765 0.055421687895432115
0 0.5528846359811723 0.012048193020746112 0.057692309841513634 0.024096386041492224
0 0.40144232264719903 0.018072289531119168 0.05288461735472083 0.036144579062238336
0 0.44951924751512706 0.0108433737186715 0.043269232381135225 0.021686747437343
0 0.7848557984689251 0.008433735114522278 0.04567307862453163 0.016867470229044557
0 0.6141827151877806 0.008433735114522278 0.05048077111132443 0.016867470229044557
