0 0.3337349466746673 0.3185096272500232 0.13734940043650568 0.1947115457151085
0 0.16385542508214712 0.3064903960330412 0.07228915812447667 0.19951923820190132
0 0.6385542300995439 0.3076923191547394 0.14457831624895334 0.19711539195850492
0 0.46987952780909836 0.26802885613869876 0.1397590390406549 0.1658653907943517
0 0.2795180780813098 0.22115385439246893 0.11566265299916267 0.1730769295245409
0 0.5602409754646942 0.19711539195850492 0.11325301439501345 0.14423077460378408
0 0.7289156777551398 0.22836539312265813 0.1180722916033119 0.20192308444529772
0 0.21686747437343 0.21634616190567613 0.09156626695767045 0.14423077460378408
0 0.15783132857177407 0.1634615445509553 0.06024096510373056 0.11057692719623446
0 0.44819278037175536 0.14302885148208588 0.0963855441659689 0.11778846592642367
0 0.802409655181691 0.22355770063586533 0.07228915812447667 0.1586538520641625
0 0.3144578378414735 0.1490384670905769 0.09397590556181967 0.10576923470944166
0 0.6807229056721553 0.05288461735472083 0.0746987967286259 0.07211538730189204
0 0.753012063796632 0.10216346534434706 0.08433735114522278 0.10336538846604526
0 0.8433735114522278 0.1947115457151085 0.05783132649958134 0.1634615445509553
0 0.40602410479914397 0.07451923354528844 0.06987951952032745 0.09615384973585606
0 0.35903615201823413 0.12500000465661287 0.07228915812447667 0.11057692719623446
0 0.086746989749372 0.3064903960330412 0.07228915812447667 0.19951923820190132
0 0.015662650926969945 0.22235577751416713 0.03132530185393989 0.1754807757679373
0 0.9807229118887335 0.22956731624435633 0.03373494045808911 0.20432693068869412
0 0.04096385627053678 0.21754808502737433 0.08192771254107356 0.14663462084718049
0 0.09518072486389428 0.1634615445509553 0.06024096510373056 0.11057692719623446
0 0.9493976100347936 0.22355770063586533 0.07228915812447667 0.1586538520641625
0 0.9771084539825097 0.10096154222264886 0.04096385627053678 0.10576923470944166
0 0.9084337537642568 0.1947115457151085 0.05783132649958134 0.1634615445509553
