0 0.9411058042896912 0.37108434503898025 0.11298077343963087 0.13493976183235645
0 0.7403846429660916 0.40481928549706936 0.10576923470944166 0.12048193020746112
0 0.3076923191547394 0.5686747105792165 0.06730769481509924 0.07710843533277512
1 0.20072116132359952 0.40361446619499475 0.07451923354528844 0.09397590556181967
1 0.3846153989434242 0.39518073108047247 0.08173077227547765 0.10120482137426734
1 0.5757211752934381 0.3891566345700994 0.07932692603208125 0.10361445997841656
1 0.5144230960868299 0.4084337434032932 0.06730769481509924 0.09397590556181967
1 0.03125000116415322 0.41325302061159164 0.057692309841513634 0.108433737186715
1 0.1682692370377481 0.44457832246553153 0.043269232381135225 0.06987951952032745
0 0.8088942609028891 0.5951807352248579 0.060096156084910035 0.08192771254107356
1 0.8858173406915739 0.41445783991366625 0.06490384857170284 0.10602409858256578
0 0.939903881167993 0.04939759138505906 0.11538461968302727 0.09879518277011812
0 0.7415865660877898 0.02891566324979067 0.10817308095283806 0.05783132649958134
1 0.19951923820190132 0.022891566739417613 0.07692307978868484 0.045783133478835225
1 0.3858173220651224 0.02891566324979067 0.08413461851887405 0.05783132649958134
1 0.5745192521717399 0.0325301211560145 0.08173077227547765 0.065060242312029
1 0.5156250192085281 0.02048192813526839 0.06971154105849564 0.04096385627053678
1 0.03245192428585142 0.021686747437343 0.060096156084910035 0.043373494874686
0 0.8076923377811909 0.9819277311908081 0.06250000232830644 0.03132530185393989
1 0.8846154175698757 0.02048192813526839 0.06730769481509924 0.04096385627053678
