0 0.5793269446585327 0.5276442504255101 0.11057692719623446 0.1562500058207661
0 0.5733173290500417 0.28485577984247357 0.06971154105849564 0.08413461851887405
0 0.46033655561041087 0.4675480943406001 0.10336538846604526 0.11298077343963087
0 0.45312501688022166 0.24639423994813114 0.05528846359811723 0.07451923354528844
0 0.44350963190663606 0.42668270820286125 0.06971154105849564 0.07932692603208125
0 0.5468750203726813 0.42788463132455945 0.09855769597925246 0.06730769481509924
0 0.4915865567745641 0.3750000139698386 0.08894231100566685 0.06250000232830644
0 0.46153847873210907 0.3197115503717214 0.057692309841513634 0.07211538730189204
0 0.4855769411660731 0.06610577169340104 0.04807692486792803 0.06490384857170284
0 0.5408654047641903 0.3521634746575728 0.05288461735472083 0.08413461851887405
