0 0.1502403902122751 0.3437500128056854 0.08894231100566685 0.09615384973585606
0 0.22836539312265813 0.3125000116415322 0.06250000232830644 0.08173077227547765
0 0.4927884798962623 0.3545673209009692 0.043269232381135225 0.05048077111132443
1 0.28605770296417177 0.3437500128056854 0.057692309841513634 0.057692309841513634
1 0.40504809201229364 0.365384628996253 0.05048077111132443 0.06730769481509924
1 0.5108173267217353 0.42187501571606845 0.06490384857170284 0.06971154105849564
1 0.5673077134415507 0.3725961677264422 0.04807692486792803 0.04807692486792803
1 0.6310096388915554 0.3786057833349332 0.03125000116415322 0.04567307862453163
1 0.7319711811142042 0.4915865567745641 0.040865386137738824 0.05048077111132443
1 0.7199519498972222 0.3762019370915368 0.04567307862453163 0.05048077111132443
0 0.1490384670905769 0.040865386137738824 0.09134615724906325 0.08173077227547765
0 0.22836539312265813 0.06250000232830644 0.06250000232830644 0.08173077227547765
0 0.4939904030179605 0.024038462433964014 0.04567307862453163 0.04807692486792803
1 0.28605770296417177 0.03125000116415322 0.057692309841513634 0.057692309841513634
1 0.40384616889059544 0.022836539312265813 0.05288461735472083 0.04567307862453163
1 0.5685096365632489 0.014423077460378408 0.05048077111132443 0.028846154920756817
1 0.6298077157698572 0.010817308095283806 0.03365384740754962 0.021634616190567613
1 0.718750026775524 0.013221154338680208 0.04807692486792803 0.026442308677360415
