0 0.44350963190663606 0.4518072382779792 0.060096156084910035 0.07951807393692434
0 0.9302884961944073 0.536144589423202 0.06730769481509924 0.065060242312029
0 0.14302885148208588 0.4530120575800538 0.04567307862453163 0.04819277208298445
0 0.5552884822245687 0.45783133478835225 0.057692309841513634 0.05301204929128289
0 0.75480772042647 0.46987952780909836 0.028846154920756817 0.03373494045808911
0 0.7295673348708078 0.42771085223648697 0.021634616190567613 0.021686747437343
0 0.3185096272500232 0.4313253101427108 0.05048077111132443 0.04819277208298445
0 0.26442308677360415 0.4759036243194714 0.043269232381135225 0.055421687895432115
0 0.40985578449908644 0.45662651548627764 0.026442308677360415 0.04096385627053678
0 0.6093750227009878 0.4433735031634569 0.03125000116415322 0.03373494045808911
0 0.3858173220651224 0.4216867557261139 0.021634616190567613 0.02891566324979067
0 0.5084134804783389 0.42650603293441236 0.021634616190567613 0.01927710883319378
1 0.07932692603208125 0.45662651548627764 0.04807692486792803 0.065060242312029
1 0.622596177039668 0.4650602506007999 0.043269232381135225 0.05301204929128289
1 0.4951923261396587 0.4506024189759046 0.028846154920756817 0.03373494045808911
2 0.9110577262472361 0.6481927845161408 0.1682692370377481 0.28433735528960824
2 0.7704327210085467 0.5445783245377243 0.06490384857170284 0.1831325339153409
2 0.7331731042359024 0.4759036243194714 0.043269232381135225 0.1180722916033119
1 0.7956731065642089 0.4289156715385616 0.014423077460378408 0.01927710883319378
2 0.8040865684160963 0.44698796106968075 0.040865386137738824 0.055421687895432115
2 0.6394231007434428 0.585542180808261 0.08173077227547765 0.29397590970620513
2 0.45552886312361807 0.622891579172574 0.1514423133339733 0.40240964689292014
2 0.08653846476227045 0.6024096510373056 0.13942308211699128 0.36144579062238336
2 0.1598557751858607 0.557831336860545 0.08894231100566685 0.23855422181077302
2 0.26923077926039696 0.5951807352248579 0.08173077227547765 0.303614464122802
2 0.3305288584670052 0.5590361561626196 0.07451923354528844 0.303614464122802
2 0.3810096295783296 0.45542169618420303 0.040865386137738824 0.10120482137426734
2 0.5084134804783389 0.5036144682671875 0.06971154105849564 0.130120484624058
2 0.5697115596849471 0.6048192896414548 0.08173077227547765 0.3421686817891896
2 0.6658654094208032 0.4650602506007999 0.043269232381135225 0.130120484624058
2 0.63461540825665 0.40361446619499475 0.03846153989434242 0.06987951952032745
0 0.664663486299105 0.412048201309517 0.01682692370377481 0.024096386041492224
0 0.6334134851349518 0.38072289945557714 0.021634616190567613 0.024096386041492224
2 0.9122596493689343 0.9373494170140475 0.1706730832811445 0.12048193020746112
2 0.640625023865141 0.9662650802638382 0.08413461851887405 0.06265060370787978
2 0.45432694000191987 0.920481946785003 0.1538461595773697 0.15421687066555023
2 0.08774038788396865 0.9409638749202713 0.14182692836038768 0.11325301439501345
2 0.27043270238209516 0.9590361644513905 0.08413461851887405 0.07710843533277512
2 0.5709134828066453 0.9445783328264952 0.08413461851887405 0.10602409858256578
