0 0.1887019301066175 0.46514424809720367 0.05048077111132443 0.06971154105849564
0 0.12620192777831107 0.4783654024358839 0.03605769365094602 0.04807692486792803
0 0.3245192428585142 0.4819711718009785 0.06250000232830644 0.07932692603208125
0 0.3689903983613476 0.45432694000191987 0.05048077111132443 0.06250000232830644
0 0.4807692486792803 0.4699519405839965 0.03846153989434242 0.05048077111132443
0 0.5252404041821137 0.4675480943406001 0.04567307862453163 0.060096156084910035
0 0.5661057903198525 0.45673078624531627 0.03605769365094602 0.04807692486792803
0 0.610576945822686 0.45552886312361807 0.06250000232830644 0.07451923354528844
0 0.7319711811142042 0.44591347815003246 0.06971154105849564 0.07932692603208125
0 0.7764423366170377 0.45793270936701447 0.03846153989434242 0.05048077111132443
0 0.8437500314321369 0.45192309375852346 0.03365384740754962 0.05288461735472083
0 0.8858173406915739 0.44350963190663606 0.04567307862453163 0.06490384857170284
0 0.9507211892632768 0.44831732439342886 0.060096156084910035 0.06971154105849564
0 0.9891827291576192 0.44471155502833426 0.01682692370377481 0.05288461735472083
