1 0.06370192545000464 0.3822115527000278 0.07932692603208125 0.09615384973585606
1 0.4963942492613569 0.3725961677264422 0.08413461851887405 0.11057692719623446
1 0.27644231799058616 0.39903847640380263 0.08173077227547765 0.10096154222264886
1 0.7524038741830736 0.3605769365094602 0.08653846476227045 0.11538461968302727
1 0.5757211752934381 0.39182693767361343 0.05528846359811723 0.08173077227547765
1 0.13461538963019848 0.3822115527000278 0.043269232381135225 0.05288461735472083
1 0.22596154687926173 0.3858173220651224 0.028846154920756817 0.04567307862453163
1 0.3689903983613476 0.3798077064566314 0.03605769365094602 0.04807692486792803
1 0.622596177039668 0.3882211683085188 0.03365384740754962 0.04567307862453163
1 0.3281250122236088 0.3810096295783296 0.03605769365094602 0.05528846359811723
1 0.7536057973047718 0.01562500058207661 0.08894231100566685 0.03125000116415322
