0 0.09735577285755426 0.3987951889866963 0.11298077343963087 0.16626506368629634
0 0.1923076994717121 0.44457832246553153 0.1538461595773697 0.1710843408945948
0 0.27043270238209516 0.43734940665308386 0.05528846359811723 0.12771084601990879
0 0.3677884752396494 0.48072290152776986 0.043269232381135225 0.0746987967286259
0 0.40024039952550083 0.46987952780909836 0.05528846359811723 0.086746989749372
0 0.44471155502833426 0.4530120575800538 0.08173077227547765 0.0963855441659689
0 0.5312500197906047 0.35903615201823413 0.14423077460378408 0.17831325670704246
0 0.700721179950051 0.4192771171219647 0.10817308095283806 0.11566265299916267
0 0.8100961840245873 0.35180723620578647 0.12019231216982007 0.16867470229044557
0 0.8990384950302541 0.4301204908406362 0.08653846476227045 0.108433737186715
0 0.9471154198981822 0.4192771171219647 0.04807692486792803 0.10602409858256578
0 0.8112981071462855 0.016867470229044557 0.12259615841321647 0.03373494045808911
