0 0.3100961653981358 0.22836539312265813 0.08653846476227045 0.10096154222264886
0 0.9050481106387451 0.3028846266679466 0.06490384857170284 0.07211538730189204
0 0.027644231799058616 0.23076923936605453 0.05048077111132443 0.11057692719623446
0 0.5336538660340011 0.28846154920756817 0.05288461735472083 0.06730769481509924
0 0.6009615608491004 0.28125001047737896 0.06730769481509924 0.07211538730189204
0 0.4951923261396587 0.22596154687926173 0.03365384740754962 0.043269232381135225
0 0.7151442574104294 0.21875000814907253 0.03605769365094602 0.05288461735472083
0 0.8257211846066639 0.24519231682643294 0.05048077111132443 0.05288461735472083
0 0.7968750296859071 0.22115385439246893 0.03605769365094602 0.04807692486792803
0 0.5588942515896633 0.23437500873114914 0.026442308677360415 0.04567307862453163
0 0.8485577239189297 0.23317308560945094 0.03365384740754962 0.04807692486792803
0 0.311298088519834 0.03725961677264422 0.08894231100566685 0.07451923354528844
0 0.026442308677360415 0.03846153989434242 0.05288461735472083 0.07692307978868484
0 0.4951923261396587 0.024038462433964014 0.03365384740754962 0.043269232381135225
0 0.7151442574104294 0.03125000116415322 0.03605769365094602 0.05288461735472083
0 0.8245192614849657 0.01682692370377481 0.05288461735472083 0.03365384740754962
0 0.7968750296859071 0.028846154920756817 0.03605769365094602 0.04807692486792803
0 0.5576923284679651 0.020432693068869412 0.028846154920756817 0.040865386137738824
0 0.8497596470406279 0.021634616190567613 0.03605769365094602 0.043269232381135225
