0 0.6911057949764654 0.6730769481509924 0.026442308677360415 0.03365384740754962
0 0.25120193243492395 0.6081730995792896 0.05528846359811723 0.057692309841513634
0 0.3509615515358746 0.5216346348170191 0.04807692486792803 0.05288461735472083
0 0.45192309375852346 0.45072117063682526 0.05288461735472083 0.060096156084910035
0 0.6274038695264608 0.28846154920756817 0.06250000232830644 0.057692309841513634
0 0.5432692510075867 0.6730769481509924 0.03365384740754962 0.03846153989434242
0 0.9387019580462947 0.670673101907596 0.06490384857170284 0.08173077227547765
0 0.8954327256651595 0.6550481013255194 0.05528846359811723 0.06971154105849564
0 0.7331731042359024 0.7091346418019384 0.08173077227547765 0.10576923470944166
0 0.8076923377811909 0.676682717516087 0.03846153989434242 0.05048077111132443
0 0.6899038718547672 0.9867788829142228 0.028846154920756817 0.021634616190567613
0 0.6274038695264608 0.03846153989434242 0.06250000232830644 0.057692309841513634
0 0.5444711741292849 0.9855769597925246 0.03605769365094602 0.024038462433964014
0 0.9375000349245965 0.975961574818939 0.06730769481509924 0.043269232381135225
0 0.8942308025434613 0.9867788829142228 0.057692309841513634 0.021634616190567613
0 0.7343750273576006 0.9507211892632768 0.08413461851887405 0.09375000349245965
0 0.8088942609028891 0.9807692673057318 0.040865386137738824 0.03365384740754962
