1 0.8377404158236459 0.5493976017460227 0.07932692603208125 0.10602409858256578
1 0.371394244604744 0.542168685933575 0.06971154105849564 0.07710843533277512
1 0.5384615585207939 0.5530120596522465 0.07692307978868484 0.08433735114522278
1 0.26682693301700056 0.5301204929128289 0.06250000232830644 0.07710843533277512
1 0.736778873600997 0.5012048296630383 0.05048077111132443 0.05783132649958134
1 0.8798077250830829 0.5530120596522465 0.07211538730189204 0.08915662835352123
1 0.1754807757679373 0.5168674805900082 0.057692309841513634 0.065060242312029
1 0.6310096388915554 0.5120482033817098 0.04567307862453163 0.055421687895432115
1 0.39543270703870803 0.45542169618420303 0.03605769365094602 0.03855421766638756
1 0.44711540127173066 0.5060241068713367 0.03846153989434242 0.04819277208298445
1 0.5300480966689065 0.5048192875692621 0.040865386137738824 0.04096385627053678
