1 0.29086539545096457 0.412048201309517 0.043269232381135225 0.04819277208298445
1 0.3401442434405908 0.4228915750281885 0.03125000116415322 0.045783133478835225
1 0.3701923214830458 0.41566265921574086 0.03365384740754962 0.04096385627053678
1 0.43509617005474865 0.4096385627053678 0.03365384740754962 0.04819277208298445
1 0.45673078624531627 0.40240964689292014 0.028846154920756817 0.04819277208298445
1 0.5540865591028705 0.40240964689292014 0.04567307862453163 0.05783132649958134
1 0.6129807920660824 0.41566265921574086 0.04807692486792803 0.06024096510373056
1 0.664663486299105 0.41686747851781547 0.03605769365094602 0.04819277208298445
1 0.7175481036538258 0.4096385627053678 0.05048077111132443 0.06265060370787978
1 0.7632211822783574 0.41325302061159164 0.04567307862453163 0.055421687895432115
