0 0.4735577099490911 0.3542168748099357 0.06730769481509924 0.05783132649958134
0 0.6057692533358932 0.4289156715385616 0.06250000232830644 0.06746988091617823
0 0.24879808619152755 0.38192771875765175 0.05048077111132443 0.04096385627053678
0 0.23798077809624374 0.31927711504977196 0.04807692486792803 0.045783133478835225
0 0.29086539545096457 0.32650603086221963 0.03846153989434242 0.04096385627053678
0 0.39423078391700983 0.3879518152680248 0.03846153989434242 0.03855421766638756
0 0.5408654047641903 0.3542168748099357 0.04807692486792803 0.05301204929128289
0 0.4747596330707893 0.016867470229044557 0.06971154105849564 0.03373494045808911
0 0.23798077809624374 0.03975903696846217 0.04807692486792803 0.045783133478835225
0 0.29086539545096457 0.0325301211560145 0.03846153989434242 0.04096385627053678
0 0.5420673278858885 0.015662650926969945 0.05048077111132443 0.03132530185393989
