0 0.8100961840245873 0.5373494087252766 0.057692309841513634 0.07228915812447667
0 0.04567307862453163 0.5072289261734113 0.04807692486792803 0.055421687895432115
0 0.11538461968302727 0.5156626612879336 0.03365384740754962 0.03855421766638756
0 0.25961539428681135 0.5253012157045305 0.03846153989434242 0.05301204929128289
0 0.5384615585207939 0.5289156736107543 0.043269232381135225 0.05060241068713367
0 0.3870192451868206 0.5337349508190528 0.043269232381135225 0.05060241068713367
0 0.7740384903736413 0.5433735052356496 0.03365384740754962 0.06024096510373056
0 0.43990386254154146 0.5253012157045305 0.043269232381135225 0.04819277208298445
0 0.3425480896839872 0.5325301315169781 0.03605769365094602 0.03855421766638756
0 0.3028846266679466 0.5277108543086797 0.024038462433964014 0.02891566324979067
