0 0.3858173220651224 0.5879518194124103 0.060096156084910035 0.06265060370787978
0 0.9122596493689343 0.5879518194124103 0.06490384857170284 0.06265060370787978
0 0.12620192777831107 0.5807229035999626 0.06971154105849564 0.05301204929128289
0 0.7175481036538258 0.6000000124331564 0.060096156084910035 0.06265060370787978
0 0.8521634932840243 0.6156626633601263 0.08413461851887405 0.0746987967286259
0 0.27403847174718976 0.622891579172574 0.057692309841513634 0.055421687895432115
0 0.7836538753472269 0.6301204949850217 0.03365384740754962 0.05060241068713367
0 0.766826951643452 0.5457831438397989 0.03365384740754962 0.04096385627053678
0 0.6875000256113708 0.5554216982563958 0.03846153989434242 0.03132530185393989
0 0.3846153989434242 0.9710843574721366 0.06250000232830644 0.05301204929128289
0 0.9110577262472361 0.9710843574721366 0.06730769481509924 0.05301204929128289
0 0.12500000465661287 0.9771084539825097 0.07211538730189204 0.04096385627053678
0 0.7175481036538258 0.963855441659689 0.060096156084910035 0.06265060370787978
0 0.8521634932840243 0.9506024293368682 0.08413461851887405 0.0746987967286259
0 0.27403847174718976 0.9433735135244206 0.057692309841513634 0.055421687895432115
0 0.7836538753472269 0.9361445977119729 0.03365384740754962 0.05060241068713367
