0 0.25360577867832035 0.3433735010912642 0.06490384857170284 0.06987951952032745
0 0.43028847756795585 0.46746988920494914 0.06250000232830644 0.07710843533277512
0 0.6959134874632582 0.48072290152776986 0.07451923354528844 0.0746987967286259
0 0.40625001513399184 0.39277109247632325 0.057692309841513634 0.07228915812447667
0 0.6213942539179698 0.42530121363233775 0.05048077111132443 0.065060242312029
0 0.3497596284141764 0.3795180801535025 0.026442308677360415 0.04096385627053678
0 0.4843750180443749 0.36144579062238336 0.021634616190567613 0.03855421766638756
0 0.5324519429123029 0.346987958997488 0.03125000116415322 0.043373494874686
0 0.3341346278320998 0.34096386248711497 0.024038462433964014 0.036144579062238336
1 0.5360577122773975 0.4072289241012186 0.057692309841513634 0.04819277208298445
