0 0.12620192777831107 0.3421686817891896 0.07932692603208125 0.10120482137426734
0 0.20312500756699592 0.38192771875765175 0.06971154105849564 0.09879518277011812
0 0.40144232264719903 0.31927711504977196 0.03365384740754962 0.036144579062238336
0 0.3329327047104016 0.31566265714354813 0.03605769365094602 0.043373494874686
0 0.28125001047737896 0.31566265714354813 0.03365384740754962 0.043373494874686
0 0.20552885381039232 0.3228915729559958 0.026442308677360415 0.03373494045808911
0 0.5288461735472083 0.32650603086221963 0.08173077227547765 0.11325301439501345
0 0.7596154129132628 0.30843374133110046 0.07692307978868484 0.11084337579086423
1 0.8353365695802495 0.33012048876844347 0.04567307862453163 0.05783132649958134
1 0.9170673418557271 0.31686747644562274 0.07451923354528844 0.08915662835352123
0 0.12500000465661287 0.021686747437343 0.08173077227547765 0.043373494874686
0 0.40264424576889724 0.016867470229044557 0.03605769365094602 0.03373494045808911
0 0.3317307815887034 0.02048192813526839 0.03846153989434242 0.04096385627053678
0 0.28245193359907717 0.02048192813526839 0.03605769365094602 0.04096385627053678
0 0.20432693068869412 0.014457831624895334 0.028846154920756817 0.02891566324979067
0 0.5300480966689065 0.0325301211560145 0.08413461851887405 0.065060242312029
0 0.760817336034961 0.04096385627053678 0.07932692603208125 0.08192771254107356
1 0.8341346464585513 0.016867470229044557 0.04807692486792803 0.03373494045808911
1 0.9158654187340289 0.03132530185393989 0.07692307978868484 0.06265060370787978
