0 0.22596154687926173 0.4626506119966507 0.08173077227547765 0.0963855441659689
0 0.706730795558542 0.412048201309517 0.10096154222264886 0.10602409858256578
0 0.8389423389453441 0.41566265921574086 0.09615384973585606 0.10361445997841656
0 0.6322115620132536 0.4855421787360683 0.06250000232830644 0.0746987967286259
0 0.5048077111132443 0.48795181734021753 0.06250000232830644 0.0746987967286259
0 0.40024039952550083 0.4963855524547398 0.060096156084910035 0.08192771254107356
0 0.3485577052924782 0.5313253122149035 0.04807692486792803 0.06024096510373056
0 0.46514424809720367 0.5301204929128289 0.04567307862453163 0.06265060370787978
0 0.5625000209547579 0.5228915771003813 0.057692309841513634 0.05783132649958134
0 0.9663461898453534 0.5554216982563958 0.043269232381135225 0.045783133478835225
