0 0.8641827245010063 0.5733173290500417 0.08413461851887405 0.06971154105849564
0 0.24278847058303654 0.7019231030717492 0.08173077227547765 0.07692307978868484
0 0.40384616889059544 0.7199519498972222 0.08653846476227045 0.09375000349245965
0 0.766826951643452 0.5576923284679651 0.09615384973585606 0.08173077227547765
1 0.7283654117491096 0.6334134851349518 0.08653846476227045 0.06971154105849564
1 0.8593750320142135 0.6490384857170284 0.07932692603208125 0.06250000232830644
0 0.24278847058303654 0.9254808037076145 0.08173077227547765 0.07692307978868484
0 0.40384616889059544 0.9098558031255379 0.08653846476227045 0.09375000349245965
1 0.7295673348708078 0.9783654210623354 0.08894231100566685 0.03846153989434242
1 0.8581731088925153 0.9723558054538444 0.08173077227547765 0.05048077111132443
