0 0.8653846476227045 0.335336550953798 0.07211538730189204 0.08413461851887405
0 0.6454327163519338 0.3449519359273836 0.05528846359811723 0.06490384857170284
0 0.40024039952550083 0.3677884752396494 0.03125000116415322 0.03846153989434242
0 0.43750001629814506 0.3701923214830458 0.03846153989434242 0.05288461735472083
0 0.4819711718009785 0.3569711671443656 0.03125000116415322 0.040865386137738824
0 0.5036057879915461 0.3521634746575728 0.026442308677360415 0.040865386137738824
0 0.5372596353990957 0.353365397779271 0.03605769365094602 0.04807692486792803
0 0.5877404065104201 0.341346166562289 0.040865386137738824 0.057692309841513634
0 0.7680288747651502 0.3545673209009692 0.040865386137738824 0.05048077111132443
0 0.8125000302679837 0.3617788596311584 0.03365384740754962 0.040865386137738824
0 0.9831731135491282 0.3341346278320998 0.024038462433964014 0.07692307978868484
0 0.8653846476227045 0.10456731158774346 0.07211538730189204 0.08413461851887405
0 0.6454327163519338 0.09495192661415786 0.05528846359811723 0.06490384857170284
0 0.40024039952550083 0.06971154105849564 0.03125000116415322 0.03846153989434242
0 0.43750001629814506 0.06730769481509924 0.03846153989434242 0.05288461735472083
0 0.4819711718009785 0.08293269539717585 0.03125000116415322 0.040865386137738824
0 0.5036057879915461 0.08774038788396865 0.026442308677360415 0.040865386137738824
0 0.5372596353990957 0.08413461851887405 0.03605769365094602 0.04807692486792803
0 0.5877404065104201 0.09615384973585606 0.040865386137738824 0.057692309841513634
0 0.7680288747651502 0.08533654164057225 0.040865386137738824 0.05048077111132443
0 0.8125000302679837 0.07812500291038305 0.03365384740754962 0.040865386137738824
0 0.9831731135491282 0.10336538846604526 0.024038462433964014 0.07692307978868484
