0 0.043269232381135225 0.390361453872174 0.03846153989434242 0.03855421766638756
0 0.26442308677360415 0.4000000082887709 0.03846153989434242 0.043373494874686
0 0.8437500314321369 0.34939759760163724 0.06250000232830644 0.08192771254107356
0 0.9867788829142228 0.3457831396954134 0.021634616190567613 0.09397590556181967
0 0.6911057949764654 0.3771084415493533 0.05048077111132443 0.0746987967286259
0 0.7319711811142042 0.368674706434831 0.04567307862453163 0.06746988091617823
0 0.5889423296321183 0.37108434503898025 0.05288461735472083 0.07710843533277512
0 0.6310096388915554 0.368674706434831 0.03605769365094602 0.06265060370787978
0 0.4927884798962623 0.38072289945557714 0.04807692486792803 0.06265060370787978
0 0.3197115503717214 0.40481928549706936 0.024038462433964014 0.03855421766638756
0 0.3509615515358746 0.42409639433026314 0.03365384740754962 0.043373494874686
0 0.3545673209009692 0.38072289945557714 0.03125000116415322 0.043373494874686
0 0.39182693767361343 0.4108433820074424 0.03846153989434242 0.05060241068713367
0 0.43870193941984326 0.38072289945557714 0.05048077111132443 0.06265060370787978
0 0.5336538660340011 0.3783132608514279 0.03365384740754962 0.05783132649958134
0 0.8449519545538351 0.013253012322820723 0.06490384857170284 0.026506024645641446
0 0.9855769597925246 0.018072289531119168 0.024038462433964014 0.036144579062238336
