0 0.7283654117491096 0.3545673209009692 0.12980769714340568 0.13701923587359488
0 0.6237981001613662 0.359375013387762 0.08894231100566685 0.10336538846604526
0 0.3040865497896448 0.3257211659802124 0.12259615841321647 0.13701923587359488
0 0.5685096365632489 0.341346166562289 0.05528846359811723 0.07692307978868484
0 0.42548078508116305 0.329326935345307 0.04807692486792803 0.05288461735472083
0 0.9074519568821415 0.3750000139698386 0.05048077111132443 0.1875000069849193
0 0.7295673348708078 0.021634616190567613 0.13221154338680208 0.043269232381135225
0 0.622596177039668 0.010817308095283806 0.09134615724906325 0.021634616190567613
0 0.3028846266679466 0.03605769365094602 0.12500000465661287 0.07211538730189204
0 0.5673077134415507 0.013221154338680208 0.057692309841513634 0.026442308677360415
0 0.42668270820286125 0.013221154338680208 0.05048077111132443 0.026442308677360415
0 0.9062500337604433 0.024038462433964014 0.05288461735472083 0.04807692486792803
