0 0.06370192545000464 0.6490384857170284 0.11778846592642367 0.13461538963019848
0 0.20793270005378872 0.5528846359811723 0.11298077343963087 0.11057692719623446
0 0.3461538590490818 0.39182693767361343 0.07692307978868484 0.07692307978868484
0 0.4843750180443749 0.5408654047641903 0.10817308095283806 0.11057692719623446
0 0.6370192545000464 0.3377403971971944 0.08653846476227045 0.09375000349245965
0 0.7692307978868484 0.4927884798962623 0.12500000465661287 0.10576923470944166
0 0.736778873600997 0.41826924635097384 0.09375000349245965 0.08653846476227045
0 0.9723558054538444 0.34735578217078 0.05048077111132443 0.11298077343963087
0 0.9495192661415786 0.4879807874094695 0.09134615724906325 0.11057692719623446
0 0.7812500291038305 0.760817336034961 0.1586538520641625 0.1562500058207661
0 0.7824519522255287 0.9543269586283714 0.1610576983075589 0.08653846476227045
