0 0.06610577169340104 0.3746988029452041 0.12740385090000927 0.34939759760163724
0 0.1550480826990679 0.4433735031634569 0.14182692836038768 0.260240969248116
0 0.27524039486888796 0.4831325401319191 0.1658653907943517 0.23855422181077302
0 0.25841347116511315 0.32891566946636885 0.1899038532283157 0.195180726936087
0 0.4783654024358839 0.4000000082887709 0.20192308444529772 0.2795180780813098
0 0.5540865591028705 0.32771085016429424 0.1802884682547301 0.260240969248116
0 0.6923077180981636 0.37228916434105486 0.13942308211699128 0.23855422181077302
0 0.8317308002151549 0.41566265921574086 0.1826923144981265 0.2481927762273699
0 0.9158654187340289 0.3530120555078611 0.1586538520641625 0.29638554831035435
0 0.06490384857170284 0.09879518277011812 0.12980769714340568 0.19759036554023623
0 0.1538461595773697 0.04216867557261139 0.14423077460378408 0.08433735114522278
0 0.25721154804341495 0.08313253184314817 0.1923076994717121 0.16626506368629634
0 0.4795673255575821 0.06867470021825284 0.20432693068869412 0.13734940043650568
0 0.5528846359811723 0.10000000207219273 0.1826923144981265 0.20000000414438546
0 0.6935096412198618 0.07228915812447667 0.14182692836038768 0.14457831624895334
0 0.8329327233368531 0.05301204929128289 0.1850961607415229 0.10602409858256578
0 0.9170673418557271 0.0963855441659689 0.1610576983075589 0.1927710883319378
