0 0.6790865637594834 0.3120481992373243 0.07932692603208125 0.09879518277011812
0 0.44110578566323966 0.28674699389375746 0.06971154105849564 0.10120482137426734
0 0.21514423878397793 0.2879518131958321 0.09855769597925246 0.12289156881161034
0 0.8076923377811909 0.303614464122802 0.09134615724906325 0.11084337579086423
0 0.7560096435481682 0.3542168748099357 0.04567307862453163 0.07228915812447667
0 0.4975961723830551 0.33012048876844347 0.04807692486792803 0.05301204929128289
0 0.3437500128056854 0.368674706434831 0.043269232381135225 0.05783132649958134
0 0.6358173313783482 0.35060241690371186 0.05528846359811723 0.0746987967286259
0 0.6778846406377852 0.036144579062238336 0.08173077227547765 0.07228915812447667
0 0.43990386254154146 0.04939759138505906 0.07211538730189204 0.09879518277011812
0 0.21394231566227973 0.0542168685933575 0.10096154222264886 0.108433737186715
0 0.8088942609028891 0.043373494874686 0.09375000349245965 0.086746989749372
0 0.75480772042647 0.008433735114522278 0.04807692486792803 0.016867470229044557
0 0.4987980955047533 0.015662650926969945 0.05048077111132443 0.03132530185393989
0 0.63461540825665 0.0108433737186715 0.057692309841513634 0.021686747437343
