0 0.39302886079531163 0.3461538590490818 0.10336538846604526 0.10576923470944166
0 0.652644255082123 0.3509615515358746 0.10336538846604526 0.11538461968302727
0 0.8233173383632675 0.3137019347632304 0.10336538846604526 0.14663462084718049
0 0.24399039370473474 0.3641827058745548 0.08413461851887405 0.11778846592642367
0 0.7800481059821323 0.329326935345307 0.06490384857170284 0.09134615724906325
0 0.39182693767361343 0.044471155502833426 0.10576923470944166 0.08894231100566685
0 0.6514423319604248 0.044471155502833426 0.10576923470944166 0.08894231100566685
0 0.8221154152415693 0.07091346418019384 0.10576923470944166 0.14182692836038768
0 0.24278847058303654 0.03846153989434242 0.08653846476227045 0.07692307978868484
0 0.7800481059821323 0.05048077111132443 0.06490384857170284 0.09134615724906325
