0 0.20192308444529772 0.37108434503898025 0.06730769481509924 0.09156626695767045
0 0.42067309259437025 0.33855422388296574 0.07211538730189204 0.08915662835352123
0 0.8713942632311955 0.37349398364312947 0.11778846592642367 0.10602409858256578
0 0.7439904123311862 0.38072289945557714 0.06971154105849564 0.086746989749372
0 0.10697115783113986 0.37228916434105486 0.11298077343963087 0.13253012322820723
0 0.969951959210448 0.3566265134140849 0.05528846359811723 0.10602409858256578
0 0.5336538660340011 0.36987952573690563 0.05288461735472083 0.07951807393692434
0 0.8209134921198711 0.3759036222472787 0.06971154105849564 0.08192771254107356
0 0.5853365602670237 0.38313253805972636 0.03605769365094602 0.05783132649958134
0 0.658653870690614 0.38072289945557714 0.04807692486792803 0.06746988091617823
0 0.6250000232830644 0.3975903696846217 0.03365384740754962 0.05783132649958134
0 0.42187501571606845 0.02048192813526839 0.07451923354528844 0.04096385627053678
0 0.10576923470944166 0.014457831624895334 0.11538461968302727 0.02891566324979067
0 0.9687500360887498 0.015662650926969945 0.057692309841513634 0.03132530185393989
