0 0.40384616889059544 0.38313253805972636 0.057692309841513634 0.08192771254107356
0 0.9687500360887498 0.39518073108047247 0.05288461735472083 0.08192771254107356
0 0.7944711834425107 0.38433735736180097 0.05048077111132443 0.0746987967286259
0 0.3377403971971944 0.3891566345700994 0.05528846359811723 0.06987951952032745
0 0.7415865660877898 0.40240964689292014 0.04567307862453163 0.07228915812447667
0 0.1550480826990679 0.6554217003285885 0.07451923354528844 0.07228915812447667
1 0.1694711601594463 0.38192771875765175 0.06971154105849564 0.07951807393692434
1 0.6610577169340104 0.3987951889866963 0.04807692486792803 0.06987951952032745
0 0.4915865567745641 0.4084337434032932 0.05528846359811723 0.0746987967286259
0 0.6141827151877806 0.3987951889866963 0.040865386137738824 0.06987951952032745
1 0.5336538660340011 0.40240964689292014 0.043269232381135225 0.05783132649958134
0 0.1538461595773697 0.9879518277011812 0.07692307978868484 0.01927710883319378
