0 0.06490384857170284 0.3783132608514279 0.057692309841513634 0.09156626695767045
1 0.3822115527000278 0.3963855503825471 0.07211538730189204 0.08915662835352123
1 0.6610577169340104 0.3771084415493533 0.08173077227547765 0.10361445997841656
1 0.8161057996330783 0.3759036222472787 0.08894231100566685 0.12530120741575956
1 0.29326924169436097 0.38433735736180097 0.06250000232830644 0.08915662835352123
1 0.5156250192085281 0.3759036222472787 0.07932692603208125 0.10602409858256578
1 0.951923112384975 0.37108434503898025 0.057692309841513634 0.0963855441659689
1 0.06250000232830644 0.3855421766638756 0.05288461735472083 0.07710843533277512
1 0.7776442597387359 0.3975903696846217 0.04567307862453163 0.07710843533277512
1 0.9038461875170469 0.3759036222472787 0.03846153989434242 0.06265060370787978
