0 0.3581730902660638 0.25841347116511315 0.057692309841513634 0.08894231100566685
0 0.3269230891019106 0.3665865521179512 0.06250000232830644 0.07932692603208125
0 0.3846153989434242 0.2956730879377574 0.06730769481509924 0.07211538730189204
2 0.3365384740754962 0.43750001629814506 0.13461538963019848 0.21634616190567613
2 0.44951924751512706 0.40985578449908644 0.1875000069849193 0.28125001047737896
2 0.5649038671981543 0.3641827058745548 0.08653846476227045 0.23317308560945094
2 0.3377403971971944 0.28004808735568076 0.08413461851887405 0.10817308095283806
1 0.5576923284679651 0.27163462550379336 0.03365384740754962 0.03846153989434242
0 0.3581730902660638 0.07572115666698664 0.057692309841513634 0.08894231100566685
0 0.3846153989434242 0.03605769365094602 0.06730769481509924 0.07211538730189204
2 0.45072117063682526 0.03245192428585142 0.1899038532283157 0.06490384857170284
2 0.5661057903198525 0.043269232381135225 0.08894231100566685 0.08653846476227045
2 0.3365384740754962 0.05408654047641903 0.08653846476227045 0.10817308095283806
1 0.5576923284679651 0.060096156084910035 0.03365384740754962 0.03846153989434242
