1 0.9206731112208217 0.4506024189759046 0.09615384973585606 0.086746989749372
1 0.28365385672077537 0.42771085223648697 0.057692309841513634 0.06987951952032745
1 0.8040865684160963 0.44939759967383 0.06971154105849564 0.0746987967286259
1 0.5769230984151363 0.43373494874686 0.05288461735472083 0.05783132649958134
1 0.9687500360887498 0.40481928549706936 0.04807692486792803 0.09156626695767045
0 0.3305288584670052 0.4325301294447854 0.03125000116415322 0.055421687895432115
0 0.40024039952550083 0.4409638645593077 0.03125000116415322 0.03855421766638756
0 0.5300480966689065 0.4506024189759046 0.03125000116415322 0.03855421766638756
1 0.44831732439342886 0.45662651548627764 0.03125000116415322 0.04096385627053678
1 0.3629807827528566 0.45542169618420303 0.03365384740754962 0.043373494874686
1 0.63461540825665 0.45783133478835225 0.04807692486792803 0.06265060370787978
1 0.6718750250292942 0.44698796106968075 0.026442308677360415 0.04096385627053678
1 0.7391827198443934 0.4530120575800538 0.040865386137738824 0.043373494874686
