1 0.1670673139160499 0.3313253080705181 0.09855769597925246 0.11325301439501345
1 0.08894231100566685 0.3108433799352497 0.057692309841513634 0.09156626695767045
1 0.23918270121794194 0.3457831396954134 0.05528846359811723 0.0746987967286259
1 0.3076923191547394 0.36024097132030874 0.043269232381135225 0.065060242312029
1 0.3545673209009692 0.3457831396954134 0.05528846359811723 0.065060242312029
1 0.5468750203726813 0.3759036222472787 0.06971154105849564 0.08192771254107356
1 0.7632211822783574 0.3530120555078611 0.06971154105849564 0.0746987967286259
1 0.8365384927019477 0.36987952573690563 0.06250000232830644 0.06987951952032745
1 0.9831731135491282 0.37349398364312947 0.024038462433964014 0.086746989749372
1 0.1658653907943517 0.03012048255186528 0.10096154222264886 0.06024096510373056
1 0.09014423412736505 0.034939759760163724 0.060096156084910035 0.06987951952032745
1 0.23798077809624374 0.013253012322820723 0.057692309841513634 0.026506024645641446
1 0.353365397779271 0.0108433737186715 0.057692309841513634 0.021686747437343
1 0.7620192591566592 0.00963855441659689 0.07211538730189204 0.01927710883319378
