0 0.9038461875170469 0.31566265714354813 0.06250000232830644 0.07710843533277512
0 0.3641827058745548 0.325301211560145 0.05528846359811723 0.07710843533277512
0 0.09134615724906325 0.3337349466746673 0.05288461735472083 0.06987951952032745
0 0.5168269423302263 0.3204819343518466 0.04807692486792803 0.07228915812447667
0 0.6814904100028798 0.325301211560145 0.04567307862453163 0.07228915812447667
0 0.21394231566227973 0.35180723620578647 0.057692309841513634 0.06746988091617823
0 0.45432694000191987 0.3457831396954134 0.03365384740754962 0.06024096510373056
1 0.7692307978868484 0.33975904318504035 0.03846153989434242 0.05783132649958134
0 0.7163461805321276 0.346987958997488 0.03365384740754962 0.04819277208298445
0 0.5721154059283435 0.33734940458089113 0.03365384740754962 0.05301204929128289
0 0.6009615608491004 0.34819277829956263 0.028846154920756817 0.045783133478835225
0 0.6334134851349518 0.3457831396954134 0.03605769365094602 0.055421687895432115
0 0.25360577867832035 0.33734940458089113 0.026442308677360415 0.05783132649958134
0 0.3100961653981358 0.34096386248711497 0.028846154920756817 0.04096385627053678
0 0.9050481106387451 0.02891566324979067 0.06490384857170284 0.05783132649958134
0 0.3629807827528566 0.024096386041492224 0.057692309841513634 0.04819277208298445
0 0.09254808037076145 0.018072289531119168 0.05528846359811723 0.036144579062238336
0 0.5180288654519245 0.025301205343566835 0.05048077111132443 0.05060241068713367
0 0.6802884868811816 0.022891566739417613 0.04807692486792803 0.045783133478835225
0 0.21514423878397793 0.008433735114522278 0.060096156084910035 0.016867470229044557
0 0.45552886312361807 0.00963855441659689 0.03605769365094602 0.01927710883319378
1 0.7704327210085467 0.012048193020746112 0.040865386137738824 0.024096386041492224
0 0.7175481036538258 0.006024096510373056 0.03605769365094602 0.012048193020746112
0 0.5733173290500417 0.012048193020746112 0.03605769365094602 0.024096386041492224
0 0.6021634839707986 0.004819277208298445 0.03125000116415322 0.00963855441659689
0 0.6322115620132536 0.008433735114522278 0.03846153989434242 0.016867470229044557
0 0.25240385555662215 0.013253012322820723 0.028846154920756817 0.026506024645641446
0 0.311298088519834 0.007228915812447667 0.03125000116415322 0.014457831624895334
