1 0.08653846476227045 0.45192309375852346 0.043269232381135225 0.04807692486792803
1 0.1502403902122751 0.43269232381135225 0.05528846359811723 0.057692309841513634
1 0.26682693301700056 0.43870193941984326 0.043269232381135225 0.05048077111132443
1 0.6310096388915554 0.44471155502833426 0.060096156084910035 0.07211538730189204
1 0.8774038788396865 0.4723557868273929 0.11538461968302727 0.10817308095283806
1 0.8221154152415693 0.45673078624531627 0.03365384740754962 0.043269232381135225
1 0.7656250285217538 0.44591347815003246 0.04567307862453163 0.060096156084910035
1 0.700721179950051 0.45793270936701447 0.03605769365094602 0.040865386137738824
1 0.592548098997213 0.44711540127173066 0.03605769365094602 0.06250000232830644
1 0.5468750203726813 0.4663461712189019 0.05048077111132443 0.06250000232830644
1 0.5168269423302263 0.4675480943406001 0.03365384740754962 0.040865386137738824
1 0.46394232497550547 0.45312501688022166 0.057692309841513634 0.060096156084910035
1 0.3557692440226674 0.44591347815003246 0.05288461735472083 0.05048077111132443
