0 0.8653846476227045 0.3701923214830458 0.1538461595773697 0.1682692370377481
0 0.40985578449908644 0.3858173220651224 0.12740385090000927 0.1802884682547301
0 0.7764423366170377 0.46274040185380727 0.07211538730189204 0.08894231100566685
0 0.6778846406377852 0.40264424576889724 0.12500000465661287 0.1610576983075589
0 0.09495192661415786 0.3641827058745548 0.14182692836038768 0.1947115457151085
0 0.4795673255575821 0.43269232381135225 0.08413461851887405 0.13461538963019848
0 0.616586561431177 0.45913463248871267 0.06971154105849564 0.08653846476227045
0 0.19951923820190132 0.5024038648698479 0.04807692486792803 0.06250000232830644
0 0.5396634816424921 0.4843750180443749 0.06490384857170284 0.08894231100566685
0 0.8665865707444027 0.024038462433964014 0.1562500058207661 0.04807692486792803
0 0.40865386137738824 0.01923076994717121 0.12980769714340568 0.03846153989434242
0 0.09375000349245965 0.03365384740754962 0.14423077460378408 0.06730769481509924
