0 0.8641827245010063 0.41325302061159164 0.07932692603208125 0.09879518277011812
0 0.7331731042359024 0.43493976804893464 0.05288461735472083 0.06987951952032745
0 0.6322115620132536 0.4313253101427108 0.04807692486792803 0.06746988091617823
0 0.24759616306982934 0.5927710966207087 0.043269232381135225 0.04819277208298445
0 0.09254808037076145 0.5626506140688434 0.03605769365094602 0.05060241068713367
0 0.3870192451868206 0.47831326292362064 0.043269232381135225 0.055421687895432115
0 0.5168269423302263 0.5542168789543211 0.043269232381135225 0.04819277208298445
0 0.44591347815003246 0.49879519105888903 0.03605769365094602 0.05301204929128289
0 0.5444711741292849 0.45903615409042686 0.04567307862453163 0.055421687895432115
0 0.6802884868811816 0.44578314176760614 0.043269232381135225 0.05783132649958134
0 0.23557693185284734 0.5602409754646942 0.03365384740754962 0.045783133478835225
