1 0.28245193359907717 0.4663461712189019 0.06971154105849564 0.08173077227547765
1 0.63461540825665 0.45673078624531627 0.04807692486792803 0.057692309841513634
1 0.3750000139698386 0.44110578566323966 0.057692309841513634 0.060096156084910035
1 0.5300480966689065 0.45072117063682526 0.040865386137738824 0.05528846359811723
1 0.23197116248775274 0.45432694000191987 0.04567307862453163 0.057692309841513634
1 0.4807692486792803 0.46274040185380727 0.043269232381135225 0.05528846359811723
1 0.09134615724906325 0.4699519405839965 0.03846153989434242 0.04567307862453163
1 0.6754807943943888 0.45913463248871267 0.03846153989434242 0.04807692486792803
1 0.742788489209488 0.4675480943406001 0.028846154920756817 0.03605769365094602
1 0.7848557984689251 0.46514424809720367 0.03125000116415322 0.03605769365094602
1 0.9531250355066732 0.45552886312361807 0.03605769365094602 0.040865386137738824
