1 0.1935096225934103 0.3028846266679466 0.11298077343963087 0.11538461968302727
1 0.39543270703870803 0.3798077064566314 0.05528846359811723 0.06730769481509924
1 0.5384615585207939 0.3870192451868206 0.043269232381135225 0.06250000232830644
1 0.27764424111228436 0.3750000139698386 0.06971154105849564 0.09615384973585606
1 0.3269230891019106 0.39783655328210443 0.03365384740754962 0.04567307862453163
1 0.45072117063682526 0.40024039952550083 0.03605769365094602 0.04567307862453163
1 0.3629807827528566 0.39543270703870803 0.043269232381135225 0.04567307862453163
1 0.5745192521717399 0.39783655328210443 0.028846154920756817 0.04567307862453163
1 0.5961538683623075 0.41346155386418104 0.01923076994717121 0.03365384740754962
1 0.1935096225934103 0.06730769481509924 0.11298077343963087 0.11538461968302727
1 0.39423078391700983 0.013221154338680208 0.057692309841513634 0.026442308677360415
1 0.5396634816424921 0.008413461851887405 0.04567307862453163 0.01682692370377481
1 0.27644231799058616 0.022836539312265813 0.07211538730189204 0.04567307862453163
