0 0.41466347698587924 0.383413475821726 0.1754807757679373 0.1850961607415229
0 0.23197116248775274 0.3870192451868206 0.1610576983075589 0.21634616190567613
0 0.9723558054538444 0.28725962608586997 0.04567307862453163 0.13221154338680208
0 0.8509615701623261 0.3281250122236088 0.09615384973585606 0.1610576983075589
1 0.6478365625953302 0.39062501455191523 0.10817308095283806 0.11778846592642367
0 0.41346155386418104 0.04807692486792803 0.1778846220113337 0.09615384973585606
0 0.23076923936605453 0.05408654047641903 0.1634615445509553 0.10817308095283806
0 0.9723558054538444 0.09975961910095066 0.04567307862453163 0.13221154338680208
0 0.8521634932840243 0.06971154105849564 0.09855769597925246 0.13942308211699128
1 0.646634639473632 0.027644231799058616 0.11057692719623446 0.05528846359811723
