0 0.1899038532283157 0.5686747105792165 0.05288461735472083 0.05783132649958134
0 0.4939904030179605 0.536144589423202 0.026442308677360415 0.03132530185393989
0 0.3822115527000278 0.542168685933575 0.03365384740754962 0.03373494045808911
0 0.5588942515896633 0.5602409754646942 0.026442308677360415 0.03132530185393989
0 0.44230770878493786 0.5650602526729926 0.03365384740754962 0.021686747437343
0 0.6454327163519338 0.5349397701211274 0.03125000116415322 0.043373494874686
0 0.6129807920660824 0.5469879631418735 0.03365384740754962 0.043373494874686
0 0.766826951643452 0.5385542280273512 0.03365384740754962 0.045783133478835225
0 0.8798077250830829 0.5349397701211274 0.03365384740754962 0.043373494874686
0 0.9230769574642181 0.5289156736107543 0.03846153989434242 0.045783133478835225
0 0.7343750273576006 0.536144589423202 0.03605769365094602 0.045783133478835225
0 0.712740411167033 0.5409638666315004 0.026442308677360415 0.036144579062238336
0 0.8197115689981729 0.5313253122149035 0.024038462433964014 0.04096385627053678
0 0.8389423389453441 0.542168685933575 0.01923076994717121 0.03373494045808911
0 0.9867788829142228 0.5385542280273512 0.021634616190567613 0.03132530185393989
0 0.7908654140774161 0.5265060350066051 0.028846154920756817 0.036144579062238336
0 0.6959134874632582 0.5385542280273512 0.01682692370377481 0.03132530185393989
0 0.5228365579387173 0.5433735052356496 0.026442308677360415 0.026506024645641446
