0 0.5588942515896633 0.3786057833349332 0.08413461851887405 0.10336538846604526
0 0.3040865497896448 0.3737980908481404 0.08894231100566685 0.11778846592642367
0 0.7776442597387359 0.39783655328210443 0.08894231100566685 0.11778846592642367
0 0.14423077460378408 0.40504809201229364 0.05288461735472083 0.06971154105849564
0 0.365384628996253 0.43269232381135225 0.057692309841513634 0.07211538730189204
0 0.9687500360887498 0.41706732322927564 0.03846153989434242 0.09375000349245965
0 0.46033655561041087 0.42668270820286125 0.05048077111132443 0.06971154105849564
0 0.10456731158774346 0.41586540010757744 0.03605769365094602 0.057692309841513634
0 0.6574519475689158 0.44591347815003246 0.040865386137738824 0.05048077111132443
0 0.975961574818939 0.3569711671443656 0.03846153989434242 0.14182692836038768
0 0.9771634979406372 0.024038462433964014 0.040865386137738824 0.04807692486792803
