0 0.8377404158236459 0.25542169203981757 0.11778846592642367 0.1397590390406549
0 0.6983173337066546 0.29759036761242896 0.09375000349245965 0.10361445997841656
1 0.5108173267217353 0.3012048255186528 0.07451923354528844 0.08192771254107356
1 0.13942308211699128 0.2795180780813098 0.12980769714340568 0.1397590390406549
1 0.3569711671443656 0.2590361499460414 0.07932692603208125 0.10361445997841656
1 0.9290865730727091 0.2771084394771606 0.07932692603208125 0.07228915812447667
1 0.20793270005378872 0.29638554831035435 0.05048077111132443 0.0963855441659689
0 0.8377404158236459 0.07710843533277512 0.11778846592642367 0.1397590390406549
0 0.6971154105849564 0.044578314176760614 0.09615384973585606 0.08915662835352123
1 0.5096154036000371 0.03734939836431295 0.07692307978868484 0.0746987967286259
1 0.14062500523868948 0.06265060370787978 0.13221154338680208 0.12530120741575956
1 0.3569711671443656 0.0759036160307005 0.07932692603208125 0.10361445997841656
1 0.9290865730727091 0.055421687895432115 0.07932692603208125 0.07228915812447667
1 0.20673077693209052 0.043373494874686 0.05288461735472083 0.086746989749372
