0 0.4927884798962623 0.3963855503825471 0.07211538730189204 0.08433735114522278
0 0.8317308002151549 0.37349398364312947 0.08653846476227045 0.12048193020746112
0 0.22475962375756353 0.4084337434032932 0.05048077111132443 0.065060242312029
0 0.3521634746575728 0.3746988029452041 0.04567307862453163 0.06024096510373056
0 0.12860577402170748 0.3963855503825471 0.04567307862453163 0.06024096510373056
0 0.09495192661415786 0.38072289945557714 0.040865386137738824 0.05783132649958134
0 0.1526442364556715 0.368674706434831 0.03125000116415322 0.04819277208298445
0 0.1935096225934103 0.36987952573690563 0.03605769365094602 0.045783133478835225
0 0.23918270121794194 0.38192771875765175 0.03125000116415322 0.045783133478835225
0 0.45432694000191987 0.390361453872174 0.03846153989434242 0.043373494874686
