0 0.10096154222264886 0.43855422595515847 0.03365384740754962 0.04819277208298445
0 0.25600962492171675 0.43493976804893464 0.07451923354528844 0.08915662835352123
0 0.3689903983613476 0.4313253101427108 0.07932692603208125 0.086746989749372
1 0.4819711718009785 0.43614458735100925 0.05528846359811723 0.06746988091617823
1 0.1682692370377481 0.4216867557261139 0.04807692486792803 0.05783132649958134
1 0.05168269423302263 0.4228915750281885 0.04567307862453163 0.065060242312029
1 0.8461538776755333 0.4867469980381429 0.043269232381135225 0.05783132649958134
1 0.7223557961406186 0.4506024189759046 0.060096156084910035 0.06265060370787978
1 0.6538461782038212 0.4734939857153222 0.03846153989434242 0.05060241068713367
1 0.6033654070924968 0.46746988920494914 0.06250000232830644 0.06265060370787978
1 0.5661057903198525 0.4855421787360683 0.03605769365094602 0.06024096510373056
1 0.5180288654519245 0.48072290152776986 0.040865386137738824 0.055421687895432115
0 0.10216346534434706 0.015662650926969945 0.03605769365094602 0.03132530185393989
0 0.25480770180001855 0.027710843947716057 0.07692307978868484 0.055421687895432115
0 0.3677884752396494 0.02891566324979067 0.08173077227547765 0.05783132649958134
1 0.4807692486792803 0.021686747437343 0.057692309841513634 0.043373494874686
1 0.1694711601594463 0.026506024645641446 0.05048077111132443 0.05301204929128289
1 0.05048077111132443 0.027710843947716057 0.04807692486792803 0.055421687895432115
1 0.7211538730189204 0.013253012322820723 0.06250000232830644 0.026506024645641446
