1 0.06250000232830644 0.44350963190663606 0.11057692719623446 0.11778846592642367
1 0.6334134851349518 0.39062501455191523 0.05048077111132443 0.05528846359811723
1 0.20552885381039232 0.3750000139698386 0.05048077111132443 0.06250000232830644
1 0.6730769481509924 0.3846153989434242 0.03846153989434242 0.03846153989434242
1 0.07932692603208125 0.39302886079531163 0.07692307978868484 0.07932692603208125
1 0.1706730832811445 0.3858173220651224 0.05288461735472083 0.06490384857170284
1 0.9483173430198804 0.4747596330707893 0.07932692603208125 0.09375000349245965
1 0.3401442434405908 0.3569711671443656 0.03125000116415322 0.040865386137738824
1 0.44350963190663606 0.3641827058745548 0.03605769365094602 0.04567307862453163
1 0.5180288654519245 0.3701923214830458 0.03605769365094602 0.04807692486792803
1 0.8040865684160963 0.42307693883776665 0.06971154105849564 0.08173077227547765
1 0.06370192545000464 0.058894232963211834 0.11298077343963087 0.11778846592642367
1 0.6334134851349518 0.11177885031793267 0.05048077111132443 0.05528846359811723
1 0.20552885381039232 0.12500000465661287 0.05048077111132443 0.06250000232830644
1 0.6730769481509924 0.11538461968302727 0.03846153989434242 0.03846153989434242
1 0.07932692603208125 0.10937500407453626 0.07692307978868484 0.07932692603208125
1 0.1706730832811445 0.11658654280472547 0.05288461735472083 0.06490384857170284
1 0.9471154198981822 0.03725961677264422 0.08173077227547765 0.07451923354528844
1 0.9471154198981822 0.987980806035921 0.08173077227547765 0.01923076994717121
1 0.3401442434405908 0.14543269772548229 0.03125000116415322 0.040865386137738824
1 0.44350963190663606 0.13822115899529308 0.03605769365094602 0.04567307862453163
1 0.5180288654519245 0.12980769714340568 0.03605769365094602 0.04807692486792803
1 0.8040865684160963 0.07692307978868484 0.06971154105849564 0.08173077227547765
