0 0.3822115527000278 0.44110578566323966 0.057692309841513634 0.06971154105849564
0 0.23437500873114914 0.4723557868273929 0.05048077111132443 0.06490384857170284
0 0.945913496776484 0.4747596330707893 0.04567307862453163 0.06490384857170284
0 0.5012019417481497 0.43629809317644686 0.04567307862453163 0.06971154105849564
1 0.8401442620670423 0.4663461712189019 0.05528846359811723 0.06250000232830644
1 0.1502403902122751 0.4759615561924875 0.05048077111132443 0.06730769481509924
1 0.6598557938123122 0.44831732439342886 0.04567307862453163 0.060096156084910035
0 0.317307704128325 0.46033655561041087 0.03846153989434242 0.060096156084910035
1 0.45673078624531627 0.46033655561041087 0.03365384740754962 0.040865386137738824
1 0.42788463132455945 0.46033655561041087 0.024038462433964014 0.03605769365094602
1 0.5408654047641903 0.45312501688022166 0.03365384740754962 0.05528846359811723
1 0.6177884845528752 0.46033655561041087 0.03846153989434242 0.04567307862453163
1 0.5709134828066453 0.46153847873210907 0.03125000116415322 0.03846153989434242
1 0.7391827198443934 0.4663461712189019 0.03125000116415322 0.043269232381135225
1 0.718750026775524 0.4663461712189019 0.028846154920756817 0.03365384740754962
1 0.7596154129132628 0.46394232497550547 0.024038462433964014 0.03365384740754962
