0 0.1610576983075589 0.42187501571606845 0.08173077227547765 0.08894231100566685
0 0.8341346464585513 0.5012019417481497 0.057692309841513634 0.06971154105849564
0 0.371394244604744 0.44831732439342886 0.03605769365094602 0.05048077111132443
0 0.323317319736816 0.4939904030179605 0.026442308677360415 0.03605769365094602
0 0.40625001513399184 0.4663461712189019 0.03365384740754962 0.03846153989434242
0 0.4975961723830551 0.4975961723830551 0.03365384740754962 0.03846153989434242
0 0.5012019417481497 0.44110578566323966 0.03605769365094602 0.040865386137738824
0 0.5697115596849471 0.44831732439342886 0.03846153989434242 0.040865386137738824
0 0.5889423296321183 0.42908655444625765 0.03365384740754962 0.040865386137738824
0 0.6418269469868392 0.43389424693305045 0.03846153989434242 0.04567307862453163
