1 0.3137019347632304 0.39518073108047247 0.05528846359811723 0.05783132649958134
1 0.46033655561041087 0.38192771875765175 0.03125000116415322 0.055421687895432115
1 0.10456731158774346 0.3963855503825471 0.040865386137738824 0.045783133478835225
1 0.27043270238209516 0.38192771875765175 0.03125000116415322 0.045783133478835225
1 0.34735578217078 0.39156627317424864 0.026442308677360415 0.03132530185393989
1 0.4831730949226767 0.39156627317424864 0.01923076994717121 0.036144579062238336
1 0.5000000186264515 0.39397591177839786 0.024038462433964014 0.03132530185393989
1 0.5468750203726813 0.39397591177839786 0.03125000116415322 0.04096385627053678
1 0.6262019464047626 0.3987951889866963 0.03125000116415322 0.03132530185393989
1 0.6718750250292942 0.390361453872174 0.040865386137738824 0.04819277208298445
1 0.7031250261934474 0.3795180801535025 0.03125000116415322 0.045783133478835225
1 0.3137019347632304 0.11084337579086423 0.05528846359811723 0.05783132649958134
1 0.46033655561041087 0.12650602671783417 0.03125000116415322 0.055421687895432115
1 0.10456731158774346 0.11204819509293884 0.040865386137738824 0.045783133478835225
1 0.27043270238209516 0.12650602671783417 0.03125000116415322 0.045783133478835225
1 0.34735578217078 0.11686747230123729 0.026442308677360415 0.03132530185393989
1 0.4831730949226767 0.11686747230123729 0.01923076994717121 0.036144579062238336
1 0.5000000186264515 0.11445783369708806 0.024038462433964014 0.03132530185393989
1 0.5468750203726813 0.11445783369708806 0.03125000116415322 0.04096385627053678
1 0.6262019464047626 0.10963855648878962 0.03125000116415322 0.03132530185393989
1 0.6718750250292942 0.11566265299916267 0.040865386137738824 0.04819277208298445
1 0.7031250261934474 0.1289156653219834 0.03125000116415322 0.045783133478835225
