0 0.706730795558542 0.5542168789543211 0.07211538730189204 0.07710843533277512
0 0.6069711764575914 0.5253012157045305 0.060096156084910035 0.07228915812447667
0 0.4783654024358839 0.4867469980381429 0.04807692486792803 0.06265060370787978
0 0.27163462550379336 0.33975904318504035 0.03365384740754962 0.03855421766638756
0 0.41826924635097384 0.36987952573690563 0.03846153989434242 0.05060241068713367
0 0.5000000186264515 0.3783132608514279 0.043269232381135225 0.043373494874686
0 0.5757211752934381 0.3771084415493533 0.040865386137738824 0.04096385627053678
0 0.8545673395274207 0.4542168768821284 0.04567307862453163 0.055421687895432115
0 0.7824519522255287 0.43493976804893464 0.04567307862453163 0.045783133478835225
0 0.7475961816962808 0.4180722978198901 0.03846153989434242 0.045783133478835225
0 0.4939904030179605 0.3433735010912642 0.040865386137738824 0.045783133478835225
0 0.3557692440226674 0.34939759760163724 0.03365384740754962 0.03373494045808911
0 0.6250000232830644 0.38192771875765175 0.03846153989434242 0.045783133478835225
0 0.6538461782038212 0.38433735736180097 0.03365384740754962 0.04096385627053678
0 0.5913461758755147 0.34939759760163724 0.03846153989434242 0.03373494045808911
0 0.6033654070924968 0.325301211560145 0.03365384740754962 0.03373494045808911
0 0.6959134874632582 0.39518073108047247 0.040865386137738824 0.03855421766638756
0 0.7752404134953395 0.38313253805972636 0.04567307862453163 0.043373494874686
0 0.7115384880453348 0.34096386248711497 0.03365384740754962 0.03132530185393989
0 0.21995193127077073 0.35060241690371186 0.05048077111132443 0.045783133478835225
0 0.1838942376198247 0.3445783203933388 0.03605769365094602 0.03855421766638756
0 0.1562500058207661 0.3325301273725927 0.03365384740754962 0.03373494045808911
0 0.13461538963019848 0.3228915729559958 0.03365384740754962 0.03373494045808911
0 0.11658654280472547 0.3216867536539212 0.026442308677360415 0.03132530185393989
0 0.08173077227547765 0.325301211560145 0.03365384740754962 0.03373494045808911
0 0.22355770063586533 0.29638554831035435 0.03365384740754962 0.02891566324979067
0 0.39182693767361343 0.31927711504977196 0.024038462433964014 0.021686747437343
0 0.9567308048717678 0.40240964689292014 0.043269232381135225 0.04819277208298445
0 0.8617788782576099 0.303614464122802 0.026442308677360415 0.03855421766638756
0 0.28485577984247357 0.2783132587792352 0.026442308677360415 0.026506024645641446
0 0.03605769365094602 0.281927716685459 0.028846154920756817 0.02891566324979067
0 0.8930288794217631 0.29518072900827974 0.026442308677360415 0.04096385627053678
0 0.9675481129670516 0.3542168748099357 0.040865386137738824 0.03373494045808911
0 0.22716347000095993 0.2674698850605637 0.021634616190567613 0.024096386041492224
0 0.7391827198443934 0.3108433799352497 0.021634616190567613 0.024096386041492224
0 0.7079327186802402 0.9843373697949573 0.07451923354528844 0.026506024645641446
0 0.27163462550379336 0.09879518277011812 0.03365384740754962 0.03855421766638756
0 0.41826924635097384 0.07108433882240206 0.03846153989434242 0.05060241068713367
0 0.5000000186264515 0.06024096510373056 0.043269232381135225 0.043373494874686
0 0.5757211752934381 0.06385542300995439 0.040865386137738824 0.04096385627053678
0 0.8533654164057225 0.007228915812447667 0.04807692486792803 0.014457831624895334
0 0.7812500291038305 0.014457831624895334 0.04807692486792803 0.02891566324979067
0 0.748798104817979 0.022891566739417613 0.040865386137738824 0.045783133478835225
0 0.4939904030179605 0.0975903634680435 0.040865386137738824 0.045783133478835225
0 0.3557692440226674 0.08915662835352123 0.03365384740754962 0.03373494045808911
0 0.6250000232830644 0.05903614580165595 0.03846153989434242 0.045783133478835225
0 0.6538461782038212 0.056626507197506726 0.03365384740754962 0.04096385627053678
0 0.5913461758755147 0.08915662835352123 0.03846153989434242 0.03373494045808911
0 0.6033654070924968 0.11325301439501345 0.03365384740754962 0.03373494045808911
0 0.6959134874632582 0.043373494874686 0.040865386137738824 0.03855421766638756
0 0.7752404134953395 0.055421687895432115 0.04567307862453163 0.043373494874686
0 0.7115384880453348 0.10000000207219273 0.03365384740754962 0.03132530185393989
0 0.21995193127077073 0.09036144765559584 0.05048077111132443 0.045783133478835225
0 0.1838942376198247 0.09397590556181967 0.03605769365094602 0.03855421766638756
0 0.1562500058207661 0.10602409858256578 0.03365384740754962 0.03373494045808911
0 0.13461538963019848 0.11566265299916267 0.03365384740754962 0.03373494045808911
0 0.11658654280472547 0.11927711090538651 0.026442308677360415 0.03132530185393989
0 0.08173077227547765 0.11325301439501345 0.03365384740754962 0.03373494045808911
0 0.22355770063586533 0.14216867764480412 0.03365384740754962 0.02891566324979067
0 0.39182693767361343 0.12168674950953573 0.024038462433964014 0.021686747437343
0 0.9567308048717678 0.036144579062238336 0.043269232381135225 0.04819277208298445
0 0.8617788782576099 0.13493976183235645 0.026442308677360415 0.03855421766638756
0 0.28485577984247357 0.1626506057800725 0.026442308677360415 0.026506024645641446
0 0.03605769365094602 0.15662650926969945 0.028846154920756817 0.02891566324979067
0 0.8930288794217631 0.14578313555102795 0.026442308677360415 0.04096385627053678
0 0.9675481129670516 0.08433735114522278 0.040865386137738824 0.03373494045808911
0 0.22716347000095993 0.1710843408945948 0.021634616190567613 0.024096386041492224
0 0.7391827198443934 0.12771084601990879 0.021634616190567613 0.024096386041492224
