1 0.23677885497454554 0.3771084415493533 0.07451923354528844 0.108433737186715
1 0.39543270703870803 0.3879518152680248 0.09375000349245965 0.11084337579086423
1 0.9122596493689343 0.3795180801535025 0.12740385090000927 0.15662650926969945
1 0.6418269469868392 0.41445783991366625 0.057692309841513634 0.07710843533277512
1 0.5673077134415507 0.3746988029452041 0.10096154222264886 0.1180722916033119
1 0.7560096435481682 0.390361453872174 0.09375000349245965 0.130120484624058
1 0.9687500360887498 0.3421686817891896 0.05288461735472083 0.15903614787384868
1 0.11658654280472547 0.43373494874686 0.04567307862453163 0.05783132649958134
1 0.4891827105311677 0.4325301294447854 0.040865386137738824 0.05060241068713367
1 0.8161057996330783 0.4325301294447854 0.05528846359811723 0.0746987967286259
1 0.3149038578849286 0.43614458735100925 0.03846153989434242 0.05301204929128289
1 0.9110577262472361 0.016867470229044557 0.12980769714340568 0.03373494045808911
1 0.969951959210448 0.036144579062238336 0.05528846359811723 0.07228915812447667
