0 0.07211538730189204 0.34819277829956263 0.057692309841513634 0.065060242312029
1 0.3137019347632304 0.34819277829956263 0.07451923354528844 0.07951807393692434
1 0.4783654024358839 0.3674698871327564 0.07211538730189204 0.0746987967286259
1 0.8076923377811909 0.36987952573690563 0.057692309841513634 0.08433735114522278
1 0.6262019464047626 0.36265060992445797 0.05048077111132443 0.06987951952032745
0 0.5408654047641903 0.3554216941120103 0.024038462433964014 0.04096385627053678
0 0.3750000139698386 0.3530120555078611 0.03365384740754962 0.05060241068713367
0 0.5733173290500417 0.3578313327161595 0.03125000116415322 0.05060241068713367
0 0.75480772042647 0.3662650678306818 0.028846154920756817 0.043373494874686
1 0.9002404181519523 0.37228916434105486 0.03605769365094602 0.05060241068713367
1 0.13341346650850028 0.3530120555078611 0.040865386137738824 0.045783133478835225
1 0.01923076994717121 0.3578313327161595 0.03365384740754962 0.045783133478835225
1 0.1706730832811445 0.34939759760163724 0.024038462433964014 0.03373494045808911
0 0.07211538730189204 0.09277108625974506 0.057692309841513634 0.065060242312029
1 0.3137019347632304 0.09277108625974506 0.07451923354528844 0.07951807393692434
1 0.4783654024358839 0.07349397742655128 0.07211538730189204 0.0746987967286259
1 0.8076923377811909 0.07108433882240206 0.057692309841513634 0.08433735114522278
1 0.6262019464047626 0.07831325463484973 0.05048077111132443 0.06987951952032745
0 0.5408654047641903 0.0855421704472974 0.024038462433964014 0.04096385627053678
0 0.3750000139698386 0.08795180905144662 0.03365384740754962 0.05060241068713367
0 0.5733173290500417 0.08313253184314817 0.03125000116415322 0.05060241068713367
0 0.75480772042647 0.07228915812447667 0.028846154920756817 0.043373494874686
1 0.9002404181519523 0.06867470021825284 0.03605769365094602 0.05060241068713367
1 0.13341346650850028 0.08795180905144662 0.040865386137738824 0.045783133478835225
1 0.01923076994717121 0.08313253184314817 0.03365384740754962 0.045783133478835225
1 0.1706730832811445 0.08915662835352123 0.024038462433964014 0.03373494045808911
