0 0.4927884798962623 0.6009615608491004 0.14423077460378408 0.12500000465661287
0 0.7596154129132628 0.28725962608586997 0.09615384973585606 0.12259615841321647
0 0.25480770180001855 0.353365397779271 0.10096154222264886 0.12019231216982007
2 0.27283654862549156 0.4903846336528659 0.1899038532283157 0.3798077064566314
2 0.4795673255575821 0.6430288701085374 0.20432693068869412 0.353365397779271
2 0.748798104817979 0.43028847756795585 0.1802884682547301 0.3846153989434242
0 0.760817336034961 0.05168269423302263 0.09855769597925246 0.10336538846604526
0 0.25600962492171675 0.01802884682547301 0.10336538846604526 0.03605769365094602
2 0.4783654024358839 0.9218750343425199 0.20673077693209052 0.1514423133339733
2 0.7475961816962808 0.04567307862453163 0.1826923144981265 0.09134615724906325
