0 0.40745193825569004 0.3064903960330412 0.05528846359811723 0.07451923354528844
0 0.6117788689443842 0.2980769341811538 0.06971154105849564 0.09615384973585606
0 0.7019231030717492 0.3161057810066268 0.08173077227547765 0.09375000349245965
0 0.5576923284679651 0.28605770296417177 0.06250000232830644 0.07692307978868484
0 0.4831730949226767 0.2968750110594556 0.03365384740754962 0.040865386137738824
0 0.40625001513399184 0.013221154338680208 0.057692309841513634 0.026442308677360415
0 0.610576945822686 0.022836539312265813 0.07211538730189204 0.04567307862453163
0 0.7031250261934474 0.013221154338680208 0.08413461851887405 0.026442308677360415
0 0.5588942515896633 0.024038462433964014 0.06490384857170284 0.04807692486792803
0 0.4843750180443749 0.009615384973585606 0.03605769365094602 0.01923076994717121
