0 0.7439904123311862 0.5156250192085281 0.06490384857170284 0.07451923354528844
1 0.311298088519834 0.5204327116953209 0.05048077111132443 0.060096156084910035
1 0.8665865707444027 0.5216346348170191 0.04567307862453163 0.06250000232830644
1 0.41706732322927564 0.5300480966689065 0.04567307862453163 0.05528846359811723
1 0.24158654746133834 0.5216346348170191 0.05048077111132443 0.057692309841513634
1 0.6382211776217446 0.5252404041821137 0.05048077111132443 0.060096156084910035
1 0.9134615724906325 0.5300480966689065 0.043269232381135225 0.06490384857170284
1 0.5036057879915461 0.5348557891556993 0.05048077111132443 0.05528846359811723
0 0.026442308677360415 0.5204327116953209 0.03365384740754962 0.040865386137738824
0 0.1718750064028427 0.5432692510075867 0.040865386137738824 0.043269232381135225
1 0.688701948733069 0.5600961747113615 0.03125000116415322 0.03846153989434242
0 0.742788489209488 0.014423077460378408 0.06730769481509924 0.028846154920756817
0 0.742788489209488 0.9663461898453534 0.06730769481509924 0.06250000232830644
1 0.3100961653981358 0.008413461851887405 0.05288461735472083 0.01682692370377481
1 0.311298088519834 0.969951959210448 0.05048077111132443 0.060096156084910035
1 0.8653846476227045 0.008413461851887405 0.04807692486792803 0.01682692370377481
1 0.8665865707444027 0.9663461898453534 0.04567307862453163 0.06250000232830644
1 0.41706732322927564 0.9603365742368624 0.04567307862453163 0.05528846359811723
1 0.24038462433964014 0.007211538730189204 0.05288461735472083 0.014423077460378408
1 0.24158654746133834 0.9663461898453534 0.05048077111132443 0.057692309841513634
1 0.6370192545000464 0.0060096156084910035 0.05288461735472083 0.012019231216982007
1 0.6382211776217446 0.9651442667236552 0.05048077111132443 0.060096156084910035
1 0.9134615724906325 0.9603365742368624 0.043269232381135225 0.06490384857170284
1 0.5036057879915461 0.9555288817500696 0.05048077111132443 0.05528846359811723
0 0.026442308677360415 0.969951959210448 0.03365384740754962 0.040865386137738824
0 0.1718750064028427 0.9447115736547858 0.040865386137738824 0.043269232381135225
1 0.688701948733069 0.9278846499510109 0.03125000116415322 0.03846153989434242
