0 0.4867788642877713 0.45662651548627764 0.06971154105849564 0.09879518277011812
0 0.13100962026510388 0.47951808222569525 0.07451923354528844 0.10602409858256578
0 0.41826924635097384 0.46746988920494914 0.06730769481509924 0.086746989749372
0 0.3076923191547394 0.47831326292362064 0.06730769481509924 0.07951807393692434
0 0.22836539312265813 0.4867469980381429 0.07692307978868484 0.0963855441659689
0 0.8557692626491189 0.492771094548516 0.05288461735472083 0.07951807393692434
0 0.6057692533358932 0.4602409733925015 0.06250000232830644 0.08192771254107356
0 0.706730795558542 0.4614457926945761 0.057692309841513634 0.07951807393692434
0 0.1911057763500139 0.4746988050173968 0.07451923354528844 0.10602409858256578
0 0.975961574818939 0.46626506990287453 0.03365384740754962 0.05060241068713367
0 0.5600961747113615 0.471084347111173 0.043269232381135225 0.06987951952032745
0 0.7848557984689251 0.46867470850702375 0.021634616190567613 0.036144579062238336
0 0.8870192638132721 0.47951808222569525 0.03846153989434242 0.06746988091617823
