0 0.3641827058745548 0.25600962492171675 0.14182692836038768 0.20432693068869412
0 0.43750001629814506 0.329326935345307 0.09615384973585606 0.1586538520641625
0 0.24399039370473474 0.19831731508020312 0.05048077111132443 0.06971154105849564
0 0.10576923470944166 0.22115385439246893 0.08173077227547765 0.09615384973585606
0 0.04567307862453163 0.28485577984247357 0.08653846476227045 0.2956730879377574
0 0.1718750064028427 0.23317308560945094 0.04567307862453163 0.04807692486792803
0 0.6334134851349518 0.1875000069849193 0.14663462084718049 0.12019231216982007
1 0.29326924169436097 0.1742788526462391 0.08653846476227045 0.09375000349245965
1 0.5000000186264515 0.21274039254058152 0.057692309841513634 0.08894231100566685
0 0.3629807827528566 0.04927884798962623 0.14423077460378408 0.09855769597925246
0 0.24399039370473474 0.05408654047641903 0.05048077111132443 0.06971154105849564
0 0.10697115783113986 0.03966346301604062 0.08413461851887405 0.07932692603208125
0 0.04687500174622983 0.057692309841513634 0.08894231100566685 0.11538461968302727
0 0.1706730832811445 0.021634616190567613 0.04807692486792803 0.043269232381135225
0 0.6334134851349518 0.06250000232830644 0.14663462084718049 0.12019231216982007
1 0.29326924169436097 0.07812500291038305 0.08653846476227045 0.09375000349245965
1 0.5012019417481497 0.042067309259437025 0.060096156084910035 0.08413461851887405
