0 0.1718750064028427 0.3365384740754962 0.1610576983075589 0.1826923144981265
0 0.8834134944481775 0.3281250122236088 0.21394231566227973 0.19951923820190132
0 0.610576945822686 0.359375013387762 0.12980769714340568 0.14182692836038768
0 0.43990386254154146 0.43389424693305045 0.11538461968302727 0.13701923587359488
0 0.39663463016040623 0.3221153966151178 0.09134615724906325 0.11538461968302727
0 0.3161057810066268 0.3461538590490818 0.10336538846604526 0.13461538963019848
0 0.5384615585207939 0.3100961653981358 0.09134615724906325 0.11538461968302727
0 0.1706730832811445 0.04687500174622983 0.1634615445509553 0.09375000349245965
0 0.8822115713264793 0.05528846359811723 0.21634616190567613 0.11057692719623446
0 0.6117788689443842 0.025240385555662215 0.13221154338680208 0.05048077111132443
0 0.39783655328210443 0.03725961677264422 0.09375000349245965 0.07451923354528844
0 0.3149038578849286 0.030048078042455018 0.10576923470944166 0.060096156084910035
0 0.5396634816424921 0.043269232381135225 0.09375000349245965 0.08653846476227045
