0 0.3125000116415322 0.7235577192623168 0.03365384740754962 0.03846153989434242
0 0.8112981071462855 0.5000000186264515 0.03605769365094602 0.03365384740754962
0 0.42548078508116305 0.6262019464047626 0.03365384740754962 0.021634616190567613
0 0.3197115503717214 0.628605792648159 0.03846153989434242 0.03605769365094602
0 0.41225963074248284 0.5973557914840057 0.03125000116415322 0.03125000116415322
0 0.4723557868273929 0.43149040068965405 0.03605769365094602 0.03605769365094602
0 0.5937500221189111 0.3389423203188926 0.03846153989434242 0.03365384740754962
0 0.5961538683623075 0.43269232381135225 0.03846153989434242 0.03846153989434242
0 0.46514424809720367 0.3197115503717214 0.026442308677360415 0.028846154920756817
0 0.4987980955047533 0.305288472911343 0.03605769365094602 0.03365384740754962
0 0.5444711741292849 0.299278857302852 0.03125000116415322 0.040865386137738824
0 0.3125000116415322 0.9447115736547858 0.03365384740754962 0.03846153989434242
0 0.46394232497550547 0.009615384973585606 0.028846154920756817 0.01923076994717121
0 0.4987980955047533 0.01682692370377481 0.03605769365094602 0.03365384740754962
0 0.5444711741292849 0.025240385555662215 0.03125000116415322 0.040865386137738824
