0 0.6204819405684248 0.69471156434156 0.05060241068713367 0.06250000232830644
1 0.21927711297757924 0.718750026775524 0.024096386041492224 0.04807692486792803
1 0.2481927762273699 0.742788489209488 0.02891566324979067 0.03846153989434242
1 0.3228915729559958 0.730769257992506 0.043373494874686 0.043269232381135225
1 0.43734940665308386 0.7343750273576006 0.036144579062238336 0.03605769365094602
1 0.7180723040364683 0.7355769504792988 0.04819277208298445 0.05288461735472083
1 0.753012063796632 0.7055288724368438 0.04096385627053678 0.04567307862453163
1 0.6518072424223647 0.7091346418019384 0.036144579062238336 0.043269232381135225
1 0.5433735052356496 0.706730795558542 0.036144579062238336 0.043269232381135225
1 0.585542180808261 0.7055288724368438 0.03373494045808911 0.04567307862453163
1 0.46746988920494914 0.7211538730189204 0.03855421766638756 0.03846153989434242
1 0.3867469959659502 0.724759642384015 0.04096385627053678 0.04567307862453163
0 0.9722891767742112 0.69471156434156 0.05060241068713367 0.06250000232830644
1 0.19036144972778857 0.718750026775524 0.024096386041492224 0.04807692486792803
1 0.1614457864779979 0.742788489209488 0.02891566324979067 0.03846153989434242
1 0.086746989749372 0.730769257992506 0.043373494874686 0.043269232381135225
1 0.8722891747020185 0.7355769504792988 0.04819277208298445 0.05288461735472083
1 0.839759053546004 0.7055288724368438 0.04096385627053678 0.04567307862453163
1 0.9409638749202713 0.7091346418019384 0.036144579062238336 0.043269232381135225
1 0.9927711049094796 0.7043269493151456 0.00963855441659689 0.04807692486792803
1 0.025301205343566835 0.724759642384015 0.04096385627053678 0.04567307862453163
