0 0.8389423389453441 0.299278857302852 0.07211538730189204 0.09375000349245965
0 0.3269230891019106 0.29326924169436097 0.06730769481509924 0.09615384973585606
0 0.1838942376198247 0.28605770296417177 0.06490384857170284 0.08653846476227045
0 0.4759615561924875 0.299278857302852 0.09134615724906325 0.11778846592642367
0 0.646634639473632 0.3185096272500232 0.057692309841513634 0.07451923354528844
0 0.7908654140774161 0.3185096272500232 0.05288461735472083 0.06971154105849564
0 0.14543269772548229 0.3161057810066268 0.040865386137738824 0.060096156084910035
0 0.8401442620670423 0.03846153989434242 0.07451923354528844 0.07692307978868484
0 0.3281250122236088 0.042067309259437025 0.06971154105849564 0.08413461851887405
0 0.1826923144981265 0.043269232381135225 0.06730769481509924 0.08653846476227045
0 0.4771634793141857 0.044471155502833426 0.09375000349245965 0.08894231100566685
0 0.6478365625953302 0.024038462433964014 0.060096156084910035 0.04807692486792803
0 0.7920673371991143 0.022836539312265813 0.05528846359811723 0.04567307862453163
0 0.14423077460378408 0.021634616190567613 0.043269232381135225 0.043269232381135225
