0 0.7620192591566592 0.3421686817891896 0.10096154222264886 0.12530120741575956
0 0.9038461875170469 0.3771084415493533 0.06250000232830644 0.07951807393692434
0 0.46514424809720367 0.3746988029452041 0.04567307862453163 0.06987951952032745
0 0.6502404088387266 0.30722892202902585 0.11298077343963087 0.14216867764480412
0 0.1947115457151085 0.33975904318504035 0.07692307978868484 0.11566265299916267
0 0.5889423296321183 0.3566265134140849 0.057692309841513634 0.09156626695767045
0 0.40985578449908644 0.3746988029452041 0.040865386137738824 0.06987951952032745
0 0.383413475821726 0.3759036222472787 0.04567307862453163 0.06746988091617823
0 0.975961574818939 0.38433735736180097 0.03846153989434242 0.055421687895432115
0 0.08653846476227045 0.36265060992445797 0.1682692370377481 0.33012048876844347
0 0.2980769341811538 0.3771084415493533 0.03365384740754962 0.045783133478835225
0 0.3365384740754962 0.3891566345700994 0.03365384740754962 0.055421687895432115
0 0.5528846359811723 0.3746988029452041 0.03365384740754962 0.08433735114522278
0 0.5252404041821137 0.3987951889866963 0.04567307862453163 0.065060242312029
0 0.7632211822783574 0.027710843947716057 0.10336538846604526 0.055421687895432115
0 0.6490384857170284 0.04939759138505906 0.11538461968302727 0.09879518277011812
0 0.19591346883680671 0.026506024645641446 0.07932692603208125 0.05301204929128289
0 0.5901442527538165 0.012048193020746112 0.060096156084910035 0.024096386041492224
0 0.08774038788396865 0.06867470021825284 0.1706730832811445 0.13734940043650568
