0 0.4963855524547398 0.6057692533358932 0.024096386041492224 0.028846154920756817
0 0.514457841985859 0.5252404041821137 0.026506024645641446 0.03125000116415322
0 0.24096386041492224 0.1646634676726535 0.02891566324979067 0.021634616190567613
0 0.7626506182132289 0.27283654862549156 0.021686747437343 0.026442308677360415
0 0.7506024251924828 0.5372596353990957 0.021686747437343 0.026442308677360415
0 0.780722907744348 0.5420673278858885 0.01927710883319378 0.026442308677360415
0 0.5457831438397989 0.026442308677360415 0.026506024645641446 0.024038462433964014
0 0.09156626695767045 0.1646634676726535 0.02891566324979067 0.021634616190567613
0 0.9072289344621822 0.27283654862549156 0.021686747437343 0.026442308677360415
0 0.9192771274829283 0.5372596353990957 0.021686747437343 0.026442308677360415
0 0.8867470063269138 0.5420673278858885 0.01927710883319378 0.026442308677360415
