1 0.27884616423398256 0.5493976017460227 0.05288461735472083 0.08192771254107356
1 0.4987980955047533 0.5590361561626196 0.04567307862453163 0.05783132649958134
1 0.042067309259437025 0.5289156736107543 0.05048077111132443 0.06987951952032745
1 0.23798077809624374 0.563855433370918 0.043269232381135225 0.06265060370787978
1 0.1502403902122751 0.5469879631418735 0.05528846359811723 0.05783132649958134
1 0.08173077227547765 0.5506024210480973 0.03846153989434242 0.05060241068713367
1 0.39543270703870803 0.5385542280273512 0.03125000116415322 0.04096385627053678
1 0.45312501688022166 0.5518072403501719 0.03605769365094602 0.05301204929128289
1 0.5697115596849471 0.5433735052356496 0.043269232381135225 0.045783133478835225
1 0.6850961793679744 0.5433735052356496 0.043269232381135225 0.055421687895432115
1 0.7716346441302449 0.5518072403501719 0.03846153989434242 0.043373494874686
1 0.8353365695802495 0.536144589423202 0.03125000116415322 0.04096385627053678
1 0.963942343601957 0.5433735052356496 0.043269232381135225 0.055421687895432115
1 0.9098558031255379 0.5626506140688434 0.040865386137738824 0.05060241068713367
1 0.41947116947267205 0.5506024210480973 0.01682692370377481 0.03132530185393989
