0 0.3737980908481404 0.41686747851781547 0.05528846359811723 0.07710843533277512
0 0.057692309841513634 0.4301204908406362 0.03365384740754962 0.06024096510373056
0 0.42788463132455945 0.4289156715385616 0.043269232381135225 0.06265060370787978
0 0.7379807967226952 0.4180722978198901 0.043269232381135225 0.05060241068713367
0 0.09735577285755426 0.4301204908406362 0.040865386137738824 0.045783133478835225
0 0.01923076994717121 0.43373494874686 0.03365384740754962 0.05783132649958134
0 0.1706730832811445 0.4289156715385616 0.028846154920756817 0.043373494874686
0 0.20192308444529772 0.4433735031634569 0.043269232381135225 0.04819277208298445
0 0.27163462550379336 0.4421686838613823 0.043269232381135225 0.045783133478835225
0 0.5072115573566407 0.4289156715385616 0.05288461735472083 0.04819277208298445
0 0.5781250215368345 0.4301204908406362 0.040865386137738824 0.045783133478835225
0 0.6670673325425014 0.40240964689292014 0.03605769365094602 0.05783132649958134
0 0.7031250261934474 0.4000000082887709 0.03125000116415322 0.05783132649958134
0 0.7812500291038305 0.412048201309517 0.043269232381135225 0.05783132649958134
