0 0.75480772042647 0.3024096448207274 0.08173077227547765 0.11325301439501345
0 0.1706730832811445 0.3000000062165782 0.08173077227547765 0.10361445997841656
0 0.44350963190663606 0.32891566946636885 0.06490384857170284 0.09397590556181967
0 0.5192307885736227 0.32650603086221963 0.08173077227547765 0.11325301439501345
0 0.25240385555662215 0.31807229574769735 0.057692309841513634 0.08192771254107356
0 0.6093750227009878 0.3144578378414735 0.06490384857170284 0.09879518277011812
0 0.341346166562289 0.3108433799352497 0.057692309841513634 0.09156626695767045
0 0.8317308002151549 0.3228915729559958 0.11057692719623446 0.130120484624058
0 0.030048078042455018 0.34096386248711497 0.05528846359811723 0.08433735114522278
0 0.9747596516972408 0.3855421766638756 0.04567307862453163 0.05783132649958134
0 0.11418269656132907 0.34096386248711497 0.060096156084910035 0.06024096510373056
0 0.7560096435481682 0.044578314176760614 0.08413461851887405 0.08915662835352123
0 0.1718750064028427 0.043373494874686 0.08413461851887405 0.086746989749372
0 0.44230770878493786 0.026506024645641446 0.06730769481509924 0.05301204929128289
0 0.5204327116953209 0.0325301211560145 0.08413461851887405 0.065060242312029
0 0.25360577867832035 0.02891566324979067 0.060096156084910035 0.05783132649958134
0 0.6081730995792896 0.034939759760163724 0.06730769481509924 0.06987951952032745
0 0.3425480896839872 0.034939759760163724 0.060096156084910035 0.06987951952032745
0 0.8329327233368531 0.03855421766638756 0.11298077343963087 0.07710843533277512
0 0.028846154920756817 0.018072289531119168 0.057692309841513634 0.036144579062238336
0 0.11298077343963087 0.012048193020746112 0.06250000232830644 0.024096386041492224
