1 0.21875000814907253 0.28245193359907717 0.08653846476227045 0.11298077343963087
1 0.7524038741830736 0.323317319736816 0.06730769481509924 0.09375000349245965
1 0.057692309841513634 0.317307704128325 0.057692309841513634 0.09134615724906325
1 0.8161057996330783 0.335336550953798 0.04567307862453163 0.06971154105849564
1 0.44110578566323966 0.3329327047104016 0.04567307862453163 0.06490384857170284
1 0.1610576983075589 0.3076923191547394 0.04807692486792803 0.06730769481509924
1 0.5829327140236273 0.3269230891019106 0.04567307862453163 0.057692309841513634
1 0.39663463016040623 0.2980769341811538 0.05288461735472083 0.06730769481509924
1 0.4855769411660731 0.3257211659802124 0.03365384740754962 0.040865386137738824
1 0.658653870690614 0.3341346278320998 0.03365384740754962 0.057692309841513634
1 0.7151442574104294 0.3269230891019106 0.03605769365094602 0.04807692486792803
1 0.8605769551359117 0.3485577052924782 0.04807692486792803 0.06730769481509924
1 0.9771634979406372 0.3497596284141764 0.03605769365094602 0.08894231100566685
1 0.6334134851349518 0.3449519359273836 0.03125000116415322 0.04567307862453163
