1 0.08173077227547765 0.5096385647775605 0.08173077227547765 0.08915662835352123
1 0.1730769295245409 0.520481938496232 0.08173077227547765 0.08192771254107356
1 0.3437500128056854 0.563855433370918 0.10096154222264886 0.11084337579086423
1 0.7259615655057132 0.5698795298812911 0.11538461968302727 0.1180722916033119
1 0.8713942632311955 0.492771094548516 0.05528846359811723 0.06024096510373056
1 0.9242788805859163 0.46987952780909836 0.05528846359811723 0.06746988091617823
1 0.19831731508020312 0.44819278037175536 0.05528846359811723 0.05301204929128289
1 0.8209134921198711 0.5012048296630383 0.06490384857170284 0.07710843533277512
1 0.03365384740754962 0.4855421787360683 0.057692309841513634 0.06987951952032745
1 0.3161057810066268 0.44698796106968075 0.04567307862453163 0.06024096510373056
1 0.40745193825569004 0.4421686838613823 0.04567307862453163 0.05060241068713367
1 0.4819711718009785 0.43493976804893464 0.03125000116415322 0.04096385627053678
1 0.5000000186264515 0.41686747851781547 0.024038462433964014 0.03373494045808911
1 0.5444711741292849 0.4325301294447854 0.03125000116415322 0.045783133478835225
1 0.6802884868811816 0.42650603293441236 0.03365384740754962 0.03855421766638756
1 0.8209134921198711 0.44578314176760614 0.03605769365094602 0.03373494045808911
1 0.7632211822783574 0.43493976804893464 0.04567307862453163 0.045783133478835225
