0 0.45552886312361807 0.45913463248871267 0.04567307862453163 0.04807692486792803
0 0.5156250192085281 0.44711540127173066 0.040865386137738824 0.057692309841513634
0 0.5444711741292849 0.45673078624531627 0.026442308677360415 0.03846153989434242
0 0.6129807920660824 0.43509617005474865 0.043269232381135225 0.057692309841513634
0 0.6382211776217446 0.43870193941984326 0.021634616190567613 0.040865386137738824
0 0.6850961793679744 0.45072117063682526 0.03365384740754962 0.040865386137738824
0 0.7295673348708078 0.43750001629814506 0.05048077111132443 0.057692309841513634
0 0.8521634932840243 0.42548078508116305 0.040865386137738824 0.057692309841513634
0 0.9314904193161055 0.44951924751512706 0.026442308677360415 0.03846153989434242
0 0.9711538823321462 0.45072117063682526 0.03846153989434242 0.05528846359811723
