0 0.8293269539717585 0.371394244604744 0.12019231216982007 0.1562500058207661
0 0.5168269423302263 0.3725961677264422 0.08173077227547765 0.10576923470944166
0 0.07331731042359024 0.42307693883776665 0.14182692836038768 0.2980769341811538
0 0.14182692836038768 0.353365397779271 0.08173077227547765 0.11538461968302727
1 0.26562500989530236 0.3798077064566314 0.11778846592642367 0.1538461595773697
0 0.8305288770934567 0.030048078042455018 0.12259615841321647 0.060096156084910035
0 0.5180288654519245 0.01682692370377481 0.08413461851887405 0.03365384740754962
0 0.07211538730189204 0.03966346301604062 0.14423077460378408 0.07932692603208125
0 0.14302885148208588 0.028846154920756817 0.08413461851887405 0.057692309841513634
1 0.26442308677360415 0.025240385555662215 0.12019231216982007 0.05048077111132443
