0 0.7560096435481682 0.7132530268281698 0.1514423133339733 0.12530120741575956
0 0.4879807874094695 0.3650602485286072 0.12980769714340568 0.13253012322820723
0 0.311298088519834 0.26506024645641446 0.040865386137738824 0.04819277208298445
0 0.45673078624531627 0.26385542715433985 0.028846154920756817 0.05060241068713367
0 0.646634639473632 0.2698795236647129 0.028846154920756817 0.05301204929128289
0 0.7560096435481682 0.86746989749372 0.1514423133339733 0.12530120741575956
0 0.4891827105311677 0.06144578440580517 0.13221154338680208 0.12289156881161034
0 0.311298088519834 0.15421687066555023 0.040865386137738824 0.04819277208298445
0 0.45673078624531627 0.15783132857177407 0.028846154920756817 0.05060241068713367
0 0.646634639473632 0.1493975934572518 0.028846154920756817 0.05301204929128289
