1 0.3329327047104016 0.3132530185393989 0.06971154105849564 0.086746989749372
1 0.4975961723830551 0.3433735010912642 0.06730769481509924 0.07951807393692434
1 0.10937500407453626 0.32891566946636885 0.08413461851887405 0.09397590556181967
1 0.7031250261934474 0.3554216941120103 0.060096156084910035 0.06987951952032745
1 0.604567330214195 0.3650602485286072 0.05048077111132443 0.06024096510373056
1 0.8497596470406279 0.38072289945557714 0.06490384857170284 0.05783132649958134
1 0.42307693883776665 0.3650602485286072 0.043269232381135225 0.05060241068713367
1 0.3317307815887034 0.0325301211560145 0.07211538730189204 0.065060242312029
1 0.4987980955047533 0.015662650926969945 0.06971154105849564 0.03132530185393989
1 0.10817308095283806 0.026506024645641446 0.08653846476227045 0.05301204929128289
1 0.7019231030717492 0.007228915812447667 0.06250000232830644 0.014457831624895334
