0 0.5492788666160777 0.3449519359273836 0.12259615841321647 0.1754807757679373
0 0.23677885497454554 0.3100961653981358 0.12740385090000927 0.1682692370377481
0 0.3545673209009692 0.3269230891019106 0.14182692836038768 0.1875000069849193
1 0.9483173430198804 0.3846153989434242 0.07451923354528844 0.09615384973585606
1 0.6875000256113708 0.371394244604744 0.07211538730189204 0.10336538846604526
1 0.8629808013793081 0.41826924635097384 0.10576923470944166 0.12980769714340568
1 0.7403846429660916 0.40264424576889724 0.057692309841513634 0.09375000349245965
0 0.5480769434943795 0.03125000116415322 0.12500000465661287 0.06250000232830644
0 0.23557693185284734 0.04687500174622983 0.12980769714340568 0.09375000349245965
0 0.353365397779271 0.043269232381135225 0.14423077460378408 0.08653846476227045
