0 0.945913496776484 0.3750000139698386 0.06971154105849564 0.09134615724906325
0 0.04807692486792803 0.41225963074248284 0.057692309841513634 0.07451923354528844
0 0.7524038741830736 0.39423078391700983 0.057692309841513634 0.07211538730189204
0 0.8485577239189297 0.39302886079531163 0.057692309841513634 0.07451923354528844
0 0.6538461782038212 0.39423078391700983 0.05288461735472083 0.06730769481509924
0 0.4975961723830551 0.40745193825569004 0.05288461735472083 0.06490384857170284
0 0.27403847174718976 0.40144232264719903 0.057692309841513634 0.057692309841513634
0 0.1947115457151085 0.42908655444625765 0.05288461735472083 0.060096156084910035
0 0.5829327140236273 0.41105770762078464 0.05528846359811723 0.06730769481509924
0 0.14062500523868948 0.41586540010757744 0.04567307862453163 0.06250000232830644
0 0.42187501571606845 0.40504809201229364 0.04567307862453163 0.060096156084910035
0 0.34735578217078 0.42908655444625765 0.04567307862453163 0.060096156084910035
0 0.9447115736547858 0.04567307862453163 0.07211538730189204 0.09134615724906325
0 0.04927884798962623 0.022836539312265813 0.060096156084910035 0.04567307862453163
0 0.7536057973047718 0.03125000116415322 0.060096156084910035 0.06250000232830644
0 0.8497596470406279 0.03245192428585142 0.060096156084910035 0.06490384857170284
0 0.6550481013255194 0.030048078042455018 0.05528846359811723 0.060096156084910035
0 0.4987980955047533 0.022836539312265813 0.05528846359811723 0.04567307862453163
0 0.27524039486888796 0.024038462433964014 0.060096156084910035 0.04807692486792803
0 0.19591346883680671 0.010817308095283806 0.05528846359811723 0.021634616190567613
0 0.5817307909019291 0.021634616190567613 0.057692309841513634 0.043269232381135225
0 0.13942308211699128 0.01802884682547301 0.04807692486792803 0.03605769365094602
0 0.42067309259437025 0.022836539312265813 0.04807692486792803 0.04567307862453163
0 0.3461538590490818 0.010817308095283806 0.04807692486792803 0.021634616190567613
