0 0.5528846359811723 0.35060241690371186 0.06250000232830644 0.08433735114522278
0 0.43629809317644686 0.29397590970620513 0.08413461851887405 0.11084337579086423
0 0.25120193243492395 0.24337349901907146 0.11778846592642367 0.1397590390406549
0 0.7596154129132628 0.4180722978198901 0.04807692486792803 0.04096385627053678
0 0.6129807920660824 0.3662650678306818 0.057692309841513634 0.06746988091617823
0 0.7331731042359024 0.40481928549706936 0.06250000232830644 0.07228915812447667
0 0.8185096458764747 0.43855422595515847 0.026442308677360415 0.03373494045808911
0 0.7944711834425107 0.4216867557261139 0.026442308677360415 0.03855421766638756
0 0.8377404158236459 0.4397590452572331 0.021634616190567613 0.03132530185393989
0 0.5540865591028705 0.013253012322820723 0.06490384857170284 0.026506024645641446
0 0.43509617005474865 0.04819277208298445 0.08653846476227045 0.0963855441659689
0 0.25120193243492395 0.08915662835352123 0.11778846592642367 0.1397590390406549
