1 0.9098558031255379 0.40144232264719903 0.06971154105849564 0.08173077227547765
1 0.6850961793679744 0.39302886079531163 0.057692309841513634 0.06971154105849564
1 0.6298077157698572 0.39663463016040623 0.05288461735472083 0.06250000232830644
1 0.5252404041821137 0.39302886079531163 0.05528846359811723 0.060096156084910035
1 0.7704327210085467 0.40024039952550083 0.04567307862453163 0.05528846359811723
1 0.09735577285755426 0.40264424576889724 0.04567307862453163 0.04567307862453163
1 0.06490384857170284 0.39302886079531163 0.028846154920756817 0.03605769365094602
1 0.28485577984247357 0.40384616889059544 0.04567307862453163 0.04807692486792803
1 0.39302886079531163 0.40144232264719903 0.03605769365094602 0.05288461735472083
1 0.42187501571606845 0.41706732322927564 0.026442308677360415 0.040865386137738824
1 0.9086538800038397 0.008413461851887405 0.07211538730189204 0.01682692370377481
1 0.6862981024896726 0.009615384973585606 0.060096156084910035 0.01923076994717121
1 0.6310096388915554 0.0060096156084910035 0.05528846359811723 0.012019231216982007
1 0.5240384810604155 0.007211538730189204 0.057692309841513634 0.014423077460378408
