0 0.5625000209547579 0.5444711741292849 0.12980769714340568 0.14182692836038768
0 0.4927884798962623 0.6213942539179698 0.11057692719623446 0.14182692836038768
0 0.7391827198443934 0.41706732322927564 0.05048077111132443 0.08894231100566685
2 0.7512019510613754 0.4915865567745641 0.09375000349245965 0.24759616306982934
2 0.6802884868811816 0.7512019510613754 0.317307704128325 0.4879807874094695
2 0.3545673209009692 0.766826951643452 0.3677884752396494 0.45673078624531627
0 0.9891827291576192 0.41586540010757744 0.01682692370377481 0.09134615724906325
2 0.9723558054538444 0.4903846336528659 0.05048077111132443 0.25000000931322575
2 0.951923112384975 0.7500000279396772 0.09134615724906325 0.4903846336528659
2 0.03846153989434242 0.7680288747651502 0.07692307978868484 0.45913463248871267
