0 0.1790865451330319 0.43389424693305045 0.12259615841321647 0.13701923587359488
0 0.45072117063682526 0.43990386254154146 0.07451923354528844 0.08653846476227045
0 0.3064903960330412 0.46153847873210907 0.09375000349245965 0.10576923470944166
0 0.7836538753472269 0.46394232497550547 0.057692309841513634 0.06730769481509924
0 0.5661057903198525 0.46274040185380727 0.05048077111132443 0.06971154105849564
0 0.7103365649236366 0.45793270936701447 0.05528846359811723 0.06971154105849564
0 0.5144230960868299 0.4783654024358839 0.043269232381135225 0.057692309841513634
0 0.6778846406377852 0.4831730949226767 0.03365384740754962 0.04807692486792803
0 0.3605769365094602 0.4795673255575821 0.03846153989434242 0.06971154105849564
0 0.07091346418019384 0.4783654024358839 0.021634616190567613 0.03365384740754962
