0 0.4711538637056947 0.40602410479914397 0.08173077227547765 0.09879518277011812
0 0.8317308002151549 0.3879518152680248 0.07211538730189204 0.0963855441659689
0 0.1706730832811445 0.41325302061159164 0.09134615724906325 0.10361445997841656
0 0.7800481059821323 0.3891566345700994 0.05528846359811723 0.08915662835352123
1 0.628605792648159 0.4228915750281885 0.06490384857170284 0.09397590556181967
1 0.377403860213235 0.3963855503825471 0.06250000232830644 0.07951807393692434
1 0.8882211869349703 0.41686747851781547 0.05528846359811723 0.06746988091617823
0 0.07211538730189204 0.4216867557261139 0.09615384973585606 0.1493975934572518
0 0.04567307862453163 0.30602410272695124 0.08653846476227045 0.20240964274853468
0 0.04687500174622983 0.065060242312029 0.08894231100566685 0.130120484624058
