0 0.1790865451330319 0.346987958997488 0.07932692603208125 0.10602409858256578
0 0.7500000279396772 0.3144578378414735 0.1778846220113337 0.2144578357692808
0 0.3149038578849286 0.3228915729559958 0.21153846941888332 0.260240969248116
0 0.06250000232830644 0.38192771875765175 0.05288461735472083 0.06987951952032745
2 0.7956731065642089 0.5253012157045305 0.3461538590490818 0.607228928245604
2 0.08413461851887405 0.4530120575800538 0.12500000465661287 0.20240964274853468
2 0.1814903913764283 0.3783132608514279 0.10817308095283806 0.1493975934572518
2 0.25600962492171675 0.5216867577983066 0.3629807827528566 0.6192771212663502
0 0.1778846220113337 0.02048192813526839 0.08173077227547765 0.04096385627053678
0 0.7512019510613754 0.06385542300995439 0.1802884682547301 0.12771084601990879
0 0.3161057810066268 0.07108433882240206 0.21394231566227973 0.14216867764480412
2 0.7968750296859071 0.9180723081808537 0.3485577052924782 0.15903614787384868
2 0.1802884682547301 0.015662650926969945 0.11057692719623446 0.03132530185393989
2 0.25480770180001855 0.9168674888787791 0.365384628996253 0.1614457864779979
