1 0.9218750343425199 0.39182693767361343 0.08413461851887405 0.10096154222264886
1 0.7151442574104294 0.40024039952550083 0.07932692603208125 0.09855769597925246
1 0.23918270121794194 0.4843750180443749 0.10336538846604526 0.11778846592642367
1 0.5901442527538165 0.40504809201229364 0.07451923354528844 0.10817308095283806
1 0.14543269772548229 0.39423078391700983 0.13701923587359488 0.20192308444529772
1 0.44110578566323966 0.41225963074248284 0.09375000349245965 0.11298077343963087
1 0.3341346278320998 0.4915865567745641 0.10576923470944166 0.12740385090000927
1 0.5456730972509831 0.41105770762078464 0.04807692486792803 0.08173077227547765
1 0.05168269423302263 0.40384616889059544 0.09375000349245965 0.21634616190567613
1 0.6610577169340104 0.44831732439342886 0.043269232381135225 0.06490384857170284
1 0.8161057996330783 0.44471155502833426 0.026442308677360415 0.03365384740754962
1 0.9206731112208217 0.010817308095283806 0.08653846476227045 0.021634616190567613
1 0.14423077460378408 0.03485577052924782 0.13942308211699128 0.06971154105849564
1 0.05048077111132443 0.03365384740754962 0.09615384973585606 0.06730769481509924
