0 0.19831731508020312 0.28365385672077537 0.08894231100566685 0.11538461968302727
0 0.8353365695802495 0.22956731624435633 0.09375000349245965 0.12740385090000927
0 0.616586561431177 0.28485577984247357 0.10336538846604526 0.14182692836038768
0 0.3377403971971944 0.27283654862549156 0.09855769597925246 0.13701923587359488
0 0.1598557751858607 0.3100961653981358 0.04567307862453163 0.08173077227547765
0 0.13701923587359488 0.3185096272500232 0.03846153989434242 0.06490384857170284
0 0.19711539195850492 0.022836539312265813 0.09134615724906325 0.04567307862453163
0 0.8341346464585513 0.05288461735472083 0.09615384973585606 0.10576923470944166
0 0.6153846383094788 0.028846154920756817 0.10576923470944166 0.057692309841513634
0 0.3365384740754962 0.03365384740754962 0.10096154222264886 0.06730769481509924
