0 0.75480772042647 0.40024039952550083 0.07692307978868484 0.08894231100566685
0 0.1802884682547301 0.3425480896839872 0.09615384973585606 0.10336538846604526
0 0.34735578217078 0.3665865521179512 0.07932692603208125 0.10336538846604526
0 0.5877404065104201 0.3822115527000278 0.08413461851887405 0.10576923470944166
0 0.08052884915377945 0.329326935345307 0.07932692603208125 0.09615384973585606
0 0.7560096435481682 0.022836539312265813 0.07932692603208125 0.04567307862453163
0 0.1802884682547301 0.058894232963211834 0.09615384973585606 0.10336538846604526
0 0.3461538590490818 0.043269232381135225 0.08173077227547765 0.08653846476227045
0 0.5865384833887219 0.03605769365094602 0.08653846476227045 0.07211538730189204
0 0.08052884915377945 0.06971154105849564 0.07932692603208125 0.09615384973585606
