0 0.5252404041821137 0.43629809317644686 0.06490384857170284 0.07451923354528844
0 0.6490384857170284 0.44831732439342886 0.11538461968302727 0.11778846592642367
0 0.44230770878493786 0.4747596330707893 0.04807692486792803 0.060096156084910035
0 0.39423078391700983 0.4663461712189019 0.03846153989434242 0.04807692486792803
0 0.371394244604744 0.4831730949226767 0.03125000116415322 0.024038462433964014
0 0.3401442434405908 0.4819711718009785 0.021634616190567613 0.021634616190567613
2 0.724759642384015 0.616586561431177 0.27644231799058616 0.42067309259437025
2 0.5540865591028705 0.6129807920660824 0.1514423133339733 0.42307693883776665
2 0.46394232497550547 0.622596177039668 0.09134615724906325 0.3701923214830458
2 0.40625001513399184 0.6009615608491004 0.06250000232830644 0.3076923191547394
2 0.3665865521179512 0.5625000209547579 0.040865386137738824 0.1875000069849193
2 0.3389423203188926 0.5396634816424921 0.03365384740754962 0.13701923587359488
2 0.7235577192623168 0.9146634956123307 0.27884616423398256 0.1658653907943517
2 0.5528846359811723 0.9158654187340289 0.1538461595773697 0.1634615445509553
2 0.46514424809720367 0.9242788805859163 0.09375000349245965 0.14663462084718049
2 0.40745193825569004 0.9507211892632768 0.06490384857170284 0.09375000349245965
