0 0.1682692370377481 0.23373494460247457 0.11057692719623446 0.11566265299916267
0 0.4687500174622983 0.4108433820074424 0.03365384740754962 0.045783133478835225
0 0.6911057949764654 0.43734940665308386 0.04567307862453163 0.05060241068713367
0 0.8245192614849657 0.42409639433026314 0.057692309841513634 0.05783132649958134
2 0.1586538520641625 0.5072289261734113 0.24038462433964014 0.6481927845161408
2 0.4663461712189019 0.4951807331526652 0.08653846476227045 0.21927711297757924
2 0.640625023865141 0.5397590473294258 0.13221154338680208 0.26506024645641446
2 0.8509615701623261 0.5216867577983066 0.11538461968302727 0.25301205343566835
0 0.1682692370377481 0.09879518277011812 0.11057692719623446 0.11566265299916267
2 0.1598557751858607 0.0759036160307005 0.24278847058303654 0.151807232061401
2 0.1598557751858607 0.9168674888787791 0.24278847058303654 0.1614457864779979
