0 0.9266827268293127 0.3457831396954134 0.08413461851887405 0.10361445997841656
0 0.3509615515358746 0.3349397659767419 0.06730769481509924 0.0963855441659689
0 0.14543269772548229 0.3204819343518466 0.08894231100566685 0.10602409858256578
0 0.5048077111132443 0.32891566946636885 0.10096154222264886 0.12771084601990879
0 0.712740411167033 0.31927711504977196 0.10336538846604526 0.12771084601990879
0 0.8557692626491189 0.346987958997488 0.057692309841513634 0.07228915812447667
0 0.28485577984247357 0.3120481992373243 0.10336538846604526 0.12771084601990879
0 0.6057692533358932 0.3578313327161595 0.04807692486792803 0.06987951952032745
0 0.766826951643452 0.36144579062238336 0.05288461735472083 0.07228915812447667
0 0.41706732322927564 0.38313253805972636 0.04567307862453163 0.07228915812447667
0 0.9254808037076145 0.02048192813526839 0.08653846476227045 0.04096385627053678
0 0.3521634746575728 0.024096386041492224 0.06971154105849564 0.04819277208298445
0 0.14423077460378408 0.03373494045808911 0.09134615724906325 0.06746988091617823
0 0.5060096342349425 0.034939759760163724 0.10336538846604526 0.06987951952032745
0 0.7115384880453348 0.03975903696846217 0.10576923470944166 0.07951807393692434
0 0.8569711857708171 0.012048193020746112 0.060096156084910035 0.024096386041492224
0 0.28365385672077537 0.043373494874686 0.10576923470944166 0.086746989749372
