0 0.5252404041821137 0.44110578566323966 0.06971154105849564 0.08894231100566685
0 0.8689904169877991 0.46274040185380727 0.09375000349245965 0.11778846592642367
0 0.7091346418019384 0.45913463248871267 0.08173077227547765 0.10576923470944166
0 0.46514424809720367 0.43629809317644686 0.05528846359811723 0.08413461851887405
0 0.9375000349245965 0.41826924635097384 0.06250000232830644 0.08173077227547765
0 0.40504809201229364 0.42548078508116305 0.05528846359811723 0.09134615724906325
0 0.3689903983613476 0.42908655444625765 0.05048077111132443 0.09375000349245965
0 0.3016827035462484 0.45072117063682526 0.04567307862453163 0.06971154105849564
0 0.706730795558542 0.46033655561041087 0.08653846476227045 0.09375000349245965
0 0.7235577192623168 0.40264424576889724 0.057692309841513634 0.06971154105849564
0 0.772836567251943 0.42307693883776665 0.05048077111132443 0.06730769481509924
0 0.9086538800038397 0.46514424809720367 0.057692309841513634 0.10336538846604526
