0 0.8810096482047811 0.3846153989434242 0.13701923587359488 0.1682692370377481
0 0.3137019347632304 0.329326935345307 0.11298077343963087 0.12500000465661287
0 0.6081730995792896 0.3617788596311584 0.10576923470944166 0.13701923587359488
0 0.772836567251943 0.40745193825569004 0.11298077343963087 0.13701923587359488
0 0.5012019417481497 0.42788463132455945 0.07451923354528844 0.08173077227547765
0 0.8810096482047811 0.13461538963019848 0.13701923587359488 0.1682692370377481
0 0.3137019347632304 0.1899038532283157 0.11298077343963087 0.12500000465661287
0 0.6081730995792896 0.1598557751858607 0.10576923470944166 0.13701923587359488
0 0.772836567251943 0.11418269656132907 0.11298077343963087 0.13701923587359488
0 0.5012019417481497 0.09134615724906325 0.07451923354528844 0.08173077227547765
