1 0.26562500989530236 0.3401442434405908 0.06490384857170284 0.06971154105849564
1 0.6742788712726906 0.3449519359273836 0.04567307862453163 0.05528846359811723
1 0.13581731275189668 0.3737980908481404 0.03605769365094602 0.060096156084910035
1 0.1754807757679373 0.3846153989434242 0.03365384740754962 0.04807692486792803
1 0.09615384973585606 0.3786057833349332 0.03365384740754962 0.05048077111132443
1 0.329326935345307 0.3762019370915368 0.03365384740754962 0.04567307862453163
1 0.40985578449908644 0.3701923214830458 0.03605769365094602 0.05288461735472083
1 0.43990386254154146 0.3786057833349332 0.03365384740754962 0.05048077111132443
1 0.5516827128594741 0.3581730902660638 0.04567307862453163 0.057692309841513634
1 0.6081730995792896 0.3461538590490818 0.03846153989434242 0.057692309841513634
1 0.8088942609028891 0.3257211659802124 0.05048077111132443 0.060096156084910035
1 0.21153846941888332 0.39543270703870803 0.028846154920756817 0.03605769365094602
