0 0.13822115899529308 0.43389424693305045 0.08894231100566685 0.11778846592642367
0 0.29206731857266277 0.42307693883776665 0.08894231100566685 0.12019231216982007
1 0.07812500291038305 0.43028847756795585 0.05528846359811723 0.08173077227547765
1 0.1899038532283157 0.44110578566323966 0.057692309841513634 0.08413461851887405
1 0.39062501455191523 0.44471155502833426 0.06490384857170284 0.08173077227547765
1 0.45793270936701447 0.44110578566323966 0.04567307862453163 0.06971154105849564
1 0.5096154036000371 0.42548078508116305 0.08173077227547765 0.10576923470944166
1 0.7524038741830736 0.44591347815003246 0.07211538730189204 0.09375000349245965
1 0.8449519545538351 0.43990386254154146 0.10336538846604526 0.12019231216982007
1 0.9651442667236552 0.43509617005474865 0.06490384857170284 0.10096154222264886
