0 0.1802884682547301 0.4747596330707893 0.06250000232830644 0.06971154105849564
0 0.3125000116415322 0.4819711718009785 0.057692309841513634 0.06971154105849564
0 0.23197116248775274 0.46514424809720367 0.05048077111132443 0.06490384857170284
0 0.5204327116953209 0.46514424809720367 0.04567307862453163 0.060096156084910035
0 0.40865386137738824 0.45673078624531627 0.05288461735472083 0.06730769481509924
1 0.061298079206608236 0.5024038648698479 0.03125000116415322 0.03846153989434242
1 0.12500000465661287 0.4891827105311677 0.024038462433964014 0.03125000116415322
0 0.6454327163519338 0.4687500174622983 0.040865386137738824 0.06730769481509924
0 0.688701948733069 0.46274040185380727 0.04567307862453163 0.05528846359811723
1 0.9423077274113894 0.4795673255575821 0.043269232381135225 0.060096156084910035
1 0.730769257992506 0.4843750180443749 0.03365384740754962 0.040865386137738824
