0 0.75480772042647 0.3132530185393989 0.07692307978868484 0.10602409858256578
0 0.6033654070924968 0.3530120555078611 0.057692309841513634 0.06987951952032745
0 0.21394231566227973 0.3337349466746673 0.057692309841513634 0.07951807393692434
1 0.4771634793141857 0.33855422388296574 0.06971154105849564 0.09879518277011812
1 0.29326924169436097 0.34939759760163724 0.057692309841513634 0.0963855441659689
1 0.39062501455191523 0.3337349466746673 0.04567307862453163 0.06987951952032745
1 0.8221154152415693 0.34819277829956263 0.04807692486792803 0.06024096510373056
1 0.9350961886812001 0.36144579062238336 0.024038462433964014 0.03373494045808911
0 0.9230769574642181 0.36265060992445797 0.014423077460378408 0.03132530185393989
0 0.7560096435481682 0.03734939836431295 0.07932692603208125 0.0746987967286259
0 0.604567330214195 0.008433735114522278 0.060096156084910035 0.016867470229044557
0 0.21514423878397793 0.02048192813526839 0.060096156084910035 0.04096385627053678
1 0.4759615561924875 0.022891566739417613 0.07211538730189204 0.045783133478835225
1 0.29447116481605917 0.016867470229044557 0.060096156084910035 0.03373494045808911
1 0.389423091430217 0.018072289531119168 0.04807692486792803 0.036144579062238336
1 0.8233173383632675 0.008433735114522278 0.05048077111132443 0.016867470229044557
