0 0.3377403971971944 0.4675480943406001 0.04567307862453163 0.05048077111132443
0 0.26201924053020775 0.3317307815887034 0.043269232381135225 0.057692309841513634
0 0.377403860213235 0.2980769341811538 0.043269232381135225 0.057692309841513634
0 0.44951924751512706 0.3557692440226674 0.05288461735472083 0.05288461735472083
0 0.5853365602670237 0.371394244604744 0.05048077111132443 0.06490384857170284
1 0.42187501571606845 0.4711538637056947 0.05528846359811723 0.04807692486792803
0 0.26201924053020775 0.10096154222264886 0.043269232381135225 0.057692309841513634
0 0.377403860213235 0.13461538963019848 0.043269232381135225 0.057692309841513634
0 0.44951924751512706 0.07692307978868484 0.05288461735472083 0.05288461735472083
0 0.5853365602670237 0.06370192545000464 0.05048077111132443 0.06490384857170284
