0 0.11057692719623446 0.40865386137738824 0.06250000232830644 0.07211538730189204
0 0.3581730902660638 0.39062501455191523 0.057692309841513634 0.060096156084910035
0 0.6490384857170284 0.3725961677264422 0.04807692486792803 0.057692309841513634
0 0.43990386254154146 0.3641827058745548 0.05288461735472083 0.060096156084910035
0 0.027644231799058616 0.359375013387762 0.05048077111132443 0.09375000349245965
0 0.21754808502737433 0.39302886079531163 0.05048077111132443 0.05528846359811723
0 0.1670673139160499 0.40024039952550083 0.040865386137738824 0.04567307862453163
0 0.8762019557179883 0.40264424576889724 0.04567307862453163 0.05528846359811723
0 0.9795673441840336 0.3725961677264422 0.03605769365094602 0.08173077227547765
0 0.9567308048717678 0.3545673209009692 0.03365384740754962 0.040865386137738824
0 0.4735577099490911 0.3798077064566314 0.03365384740754962 0.043269232381135225
0 0.042067309259437025 0.40504809201229364 0.040865386137738824 0.05528846359811723
0 0.8774038788396865 0.3737980908481404 0.03365384740754962 0.040865386137738824
0 0.11177885031793267 0.03125000116415322 0.06490384857170284 0.06250000232830644
0 0.3581730902660638 0.044471155502833426 0.057692309841513634 0.060096156084910035
0 0.6490384857170284 0.060096156084910035 0.04807692486792803 0.057692309841513634
0 0.43990386254154146 0.07091346418019384 0.05288461735472083 0.060096156084910035
0 0.027644231799058616 0.07572115666698664 0.05048077111132443 0.09375000349245965
0 0.21754808502737433 0.042067309259437025 0.05048077111132443 0.05528846359811723
0 0.1670673139160499 0.03485577052924782 0.040865386137738824 0.04567307862453163
0 0.8762019557179883 0.03245192428585142 0.04567307862453163 0.05528846359811723
0 0.9795673441840336 0.060096156084910035 0.03605769365094602 0.08173077227547765
0 0.9567308048717678 0.08052884915377945 0.03365384740754962 0.040865386137738824
0 0.4735577099490911 0.05288461735472083 0.03365384740754962 0.043269232381135225
0 0.042067309259437025 0.030048078042455018 0.040865386137738824 0.05528846359811723
0 0.8774038788396865 0.061298079206608236 0.03365384740754962 0.040865386137738824
