1 0.5480769434943795 0.28365385672077537 0.08173077227547765 0.10576923470944166
1 0.25480770180001855 0.29086539545096457 0.09615384973585606 0.09615384973585606
1 0.6598557938123122 0.3317307815887034 0.06490384857170284 0.08173077227547765
1 0.3750000139698386 0.27283654862549156 0.08173077227547765 0.08894231100566685
1 0.9423077274113894 0.3317307815887034 0.06250000232830644 0.07692307978868484
1 0.7512019510613754 0.3161057810066268 0.06971154105849564 0.07932692603208125
1 0.021634616190567613 0.29447116481605917 0.043269232381135225 0.08413461851887405
1 0.7079327186802402 0.3521634746575728 0.040865386137738824 0.06490384857170284
1 0.5492788666160777 0.010817308095283806 0.08413461851887405 0.021634616190567613
1 0.3762019370915368 0.012019231216982007 0.08413461851887405 0.024038462433964014
