0 0.21153846941888332 0.40264424576889724 0.08653846476227045 0.09375000349245965
0 0.7920673371991143 0.39543270703870803 0.10336538846604526 0.12259615841321647
1 0.4879807874094695 0.40745193825569004 0.08173077227547765 0.09375000349245965
1 0.3798077064566314 0.43509617005474865 0.06250000232830644 0.08173077227547765
1 0.5961538683623075 0.43629809317644686 0.043269232381135225 0.05528846359811723
1 0.670673101907596 0.42067309259437025 0.03365384740754962 0.03365384740754962
1 0.6430288701085374 0.41225963074248284 0.026442308677360415 0.040865386137738824
1 0.724759642384015 0.40625001513399184 0.03605769365094602 0.03846153989434242
1 0.8629808013793081 0.39783655328210443 0.03365384740754962 0.040865386137738824
1 0.5564904053462669 0.40865386137738824 0.03125000116415322 0.03846153989434242
0 0.21274039254058152 0.01802884682547301 0.08894231100566685 0.03605769365094602
0 0.7908654140774161 0.028846154920756817 0.10576923470944166 0.057692309841513634
1 0.4891827105311677 0.01562500058207661 0.08413461851887405 0.03125000116415322
1 0.8641827245010063 0.007211538730189204 0.03605769365094602 0.014423077460378408
