0 0.3329327047104016 0.43734940665308386 0.07451923354528844 0.09397590556181967
0 0.6862981024896726 0.45783133478835225 0.06490384857170284 0.08192771254107356
0 0.10937500407453626 0.45662651548627764 0.060096156084910035 0.07951807393692434
0 0.04567307862453163 0.46867470850702375 0.057692309841513634 0.065060242312029
0 0.5048077111132443 0.44578314176760614 0.05288461735472083 0.06265060370787978
0 0.6358173313783482 0.48915663664229214 0.040865386137738824 0.05301204929128289
0 0.8641827245010063 0.4831325401319191 0.03605769365094602 0.05060241068713367
0 0.939903881167993 0.4951807331526652 0.04807692486792803 0.045783133478835225
0 0.9026442643953487 0.4843373594339937 0.03605769365094602 0.05783132649958134
0 0.40985578449908644 0.49036145594436675 0.03125000116415322 0.04096385627053678
0 0.5949519452406093 0.47951808222569525 0.026442308677360415 0.03373494045808911
0 0.1574519289424643 0.4722891664132476 0.021634616190567613 0.03373494045808911
0 0.28365385672077537 0.4722891664132476 0.01923076994717121 0.024096386041492224
