1 0.3317307815887034 0.3759036222472787 0.08653846476227045 0.0963855441659689
1 0.08293269539717585 0.3132530185393989 0.09855769597925246 0.10602409858256578
1 0.9531250355066732 0.34096386248711497 0.08894231100566685 0.1180722916033119
1 0.5564904053462669 0.3445783203933388 0.06490384857170284 0.08192771254107356
1 0.4699519405839965 0.3457831396954134 0.05048077111132443 0.06987951952032745
1 0.28365385672077537 0.3132530185393989 0.057692309841513634 0.07228915812447667
1 0.7560096435481682 0.325301211560145 0.06490384857170284 0.07710843533277512
1 0.712740411167033 0.3120481992373243 0.04567307862453163 0.06987951952032745
1 0.5096154036000371 0.2915662711020559 0.043269232381135225 0.07228915812447667
1 0.3882211683085188 0.3120481992373243 0.04567307862453163 0.06024096510373056
1 0.20673077693209052 0.29759036761242896 0.04807692486792803 0.055421687895432115
1 0.3341346278320998 0.3144578378414735 0.03365384740754962 0.045783133478835225
1 0.8713942632311955 0.3132530185393989 0.03605769365094602 0.043373494874686
1 0.7956731065642089 0.31807229574769735 0.03365384740754962 0.04819277208298445
1 0.08173077227547765 0.03734939836431295 0.10096154222264886 0.0746987967286259
1 0.951923112384975 0.026506024645641446 0.09134615724906325 0.05301204929128289
1 0.5552884822245687 0.015662650926969945 0.06730769481509924 0.03132530185393989
1 0.4687500174622983 0.012048193020746112 0.05288461735472083 0.024096386041492224
1 0.28485577984247357 0.02891566324979067 0.060096156084910035 0.05783132649958134
1 0.75480772042647 0.024096386041492224 0.06730769481509924 0.04819277208298445
1 0.7115384880453348 0.02891566324979067 0.04807692486792803 0.05783132649958134
1 0.5096154036000371 0.04096385627053678 0.043269232381135225 0.07228915812447667
1 0.3870192451868206 0.026506024645641446 0.04807692486792803 0.05301204929128289
1 0.20673077693209052 0.03734939836431295 0.04807692486792803 0.055421687895432115
1 0.335336550953798 0.021686747437343 0.03605769365094602 0.043373494874686
1 0.8701923401094973 0.021686747437343 0.03846153989434242 0.043373494874686
1 0.7968750296859071 0.02048192813526839 0.03605769365094602 0.04096385627053678
