1 0.8353365695802495 0.4313253101427108 0.08413461851887405 0.08192771254107356
1 0.7391827198443934 0.37228916434105486 0.05528846359811723 0.0746987967286259
1 0.1923076994717121 0.36987952573690563 0.12019231216982007 0.12289156881161034
1 0.4687500174622983 0.39397591177839786 0.057692309841513634 0.065060242312029
1 0.3125000116415322 0.3963855503825471 0.05288461735472083 0.065060242312029
1 0.7908654140774161 0.3963855503825471 0.05288461735472083 0.065060242312029
1 0.13461538963019848 0.34096386248711497 0.05288461735472083 0.09397590556181967
1 0.3858173220651224 0.4204819364240393 0.03125000116415322 0.045783133478835225
1 0.5372596353990957 0.4072289241012186 0.040865386137738824 0.05783132649958134
1 0.610576945822686 0.4216867557261139 0.07211538730189204 0.08192771254107356
1 0.5817307909019291 0.38192771875765175 0.057692309841513634 0.06987951952032745
1 0.658653870690614 0.4192771171219647 0.03365384740754962 0.043373494874686
1 0.1935096225934103 0.013253012322820723 0.12259615841321647 0.026506024645641446
1 0.13581731275189668 0.02048192813526839 0.05528846359811723 0.04096385627053678
