0 0.26802885613869876 0.31686747644562274 0.06490384857170284 0.08915662835352123
0 0.21514423878397793 0.31566265714354813 0.05528846359811723 0.07228915812447667
0 0.5108173267217353 0.3349397659767419 0.06971154105849564 0.086746989749372
0 0.7151442574104294 0.3132530185393989 0.07932692603208125 0.10120482137426734
0 0.41466347698587924 0.3204819343518466 0.06971154105849564 0.09156626695767045
0 0.3677884752396494 0.33012048876844347 0.04807692486792803 0.08192771254107356
2 0.06490384857170284 0.5024096489651129 0.12980769714340568 0.5469879631418735
2 0.7343750273576006 0.5253012157045305 0.12259615841321647 0.5253012157045305
2 0.5288461735472083 0.5409638666315004 0.12500000465661287 0.4939759138505906
2 0.3786057833349332 0.557831336860545 0.1850961607415229 0.5518072403501719
2 0.25480770180001855 0.49156627524644136 0.12019231216982007 0.4289156715385616
2 0.1947115457151085 0.47831326292362064 0.10576923470944166 0.39277109247632325
0 0.26682693301700056 0.03132530185393989 0.06730769481509924 0.06265060370787978
0 0.21394231566227973 0.027710843947716057 0.057692309841513634 0.055421687895432115
0 0.5096154036000371 0.021686747437343 0.07211538730189204 0.043373494874686
0 0.7139423342887312 0.036144579062238336 0.08173077227547765 0.07228915812447667
0 0.41346155386418104 0.03012048255186528 0.07211538730189204 0.06024096510373056
0 0.3689903983613476 0.022891566739417613 0.05048077111132443 0.045783133478835225
2 0.7331731042359024 0.9397590556181967 0.12500000465661287 0.11566265299916267
2 0.5300480966689065 0.9397590556181967 0.12740385090000927 0.11566265299916267
2 0.377403860213235 0.9168674888787791 0.1875000069849193 0.1614457864779979
