0 0.3365384740754962 0.39062501455191523 0.07692307978868484 0.08894231100566685
0 0.7980769528076053 0.3545673209009692 0.07692307978868484 0.09375000349245965
0 0.7500000279396772 0.43389424693305045 0.09134615724906325 0.09855769597925246
0 0.45793270936701447 0.39783655328210443 0.06971154105849564 0.09855769597925246
0 0.5108173267217353 0.41947116947267205 0.07451923354528844 0.08413461851887405
0 0.6478365625953302 0.45072117063682526 0.06971154105849564 0.060096156084910035
0 0.9098558031255379 0.34735578217078 0.060096156084910035 0.06971154105849564
0 0.6213942539179698 0.43389424693305045 0.06490384857170284 0.060096156084910035
0 0.7992788759293035 0.020432693068869412 0.07932692603208125 0.040865386137738824
0 0.9086538800038397 0.01802884682547301 0.06250000232830644 0.03605769365094602
