0 0.1478365439688787 0.371394244604744 0.1706730832811445 0.21394231566227973
0 0.8125000302679837 0.39062501455191523 0.1778846220113337 0.21875000814907253
0 0.4759615561924875 0.3509615515358746 0.057692309841513634 0.08173077227547765
0 0.6129807920660824 0.3425480896839872 0.07692307978868484 0.10817308095283806
0 0.6790865637594834 0.329326935345307 0.11778846592642367 0.12980769714340568
0 0.5372596353990957 0.341346166562289 0.05048077111132443 0.07211538730189204
0 0.3846153989434242 0.3569711671443656 0.04807692486792803 0.06490384857170284
0 0.42067309259437025 0.341346166562289 0.043269232381135225 0.06250000232830644
0 0.3088942422764376 0.3245192428585142 0.04567307862453163 0.057692309841513634
1 0.26802885613869876 0.3497596284141764 0.06971154105849564 0.09375000349245965
1 0.9531250355066732 0.3629807827528566 0.05528846359811723 0.057692309841513634
0 0.14663462084718049 0.03966346301604062 0.1730769295245409 0.07932692603208125
0 0.8137019533896819 0.03125000116415322 0.1802884682547301 0.06250000232830644
0 0.4771634793141857 0.01682692370377481 0.060096156084910035 0.03365384740754962
0 0.6141827151877806 0.027644231799058616 0.07932692603208125 0.05528846359811723
0 0.6778846406377852 0.03966346301604062 0.12019231216982007 0.07932692603208125
0 0.5360577122773975 0.01923076994717121 0.05288461735472083 0.03846153989434242
0 0.3858173220651224 0.009615384973585606 0.05048077111132443 0.01923076994717121
0 0.42187501571606845 0.01682692370377481 0.04567307862453163 0.03365384740754962
0 0.3076923191547394 0.024038462433964014 0.04807692486792803 0.04807692486792803
1 0.26682693301700056 0.020432693068869412 0.07211538730189204 0.040865386137738824
