0 0.6622596400557086 0.3137019347632304 0.03605769365094602 0.040865386137738824
0 0.8605769551359117 0.3100961653981358 0.03846153989434242 0.03846153989434242
0 0.7860577215906233 0.27884616423398256 0.03365384740754962 0.03365384740754962
0 0.7175481036538258 0.3137019347632304 0.040865386137738824 0.03605769365094602
0 0.7680288747651502 0.4771634793141857 0.04567307862453163 0.03605769365094602
0 0.8822115713264793 0.6237981001613662 0.03846153989434242 0.04567307862453163
0 0.8894231100566685 0.40024039952550083 0.03365384740754962 0.03125000116415322
0 0.6610577169340104 0.020432693068869412 0.03846153989434242 0.040865386137738824
0 0.8605769551359117 0.021634616190567613 0.03846153989434242 0.03846153989434242
0 0.7860577215906233 0.05288461735472083 0.03365384740754962 0.03365384740754962
0 0.7175481036538258 0.020432693068869412 0.040865386137738824 0.03605769365094602
