0 0.6514423319604248 0.3161057810066268 0.13942308211699128 0.1899038532283157
0 0.39783655328210443 0.3100961653981358 0.07451923354528844 0.08653846476227045
0 0.3377403971971944 0.3185096272500232 0.04567307862453163 0.05528846359811723
0 0.23197116248775274 0.3389423203188926 0.03605769365094602 0.03846153989434242
0 0.1947115457151085 0.3185096272500232 0.028846154920756817 0.03125000116415322
0 0.1802884682547301 0.3425480896839872 0.03365384740754962 0.03125000116415322
0 0.14182692836038768 0.3317307815887034 0.028846154920756817 0.024038462433964014
0 0.12620192777831107 0.3437500128056854 0.026442308677360415 0.028846154920756817
0 0.9771634979406372 0.2956730879377574 0.021634616190567613 0.028846154920756817
0 0.9362981118028983 0.3076923191547394 0.03125000116415322 0.03365384740754962
0 0.652644255082123 0.061298079206608236 0.14182692836038768 0.12259615841321647
0 0.39663463016040623 0.03846153989434242 0.07692307978868484 0.07692307978868484
0 0.3365384740754962 0.026442308677360415 0.04807692486792803 0.05288461735472083
0 0.23076923936605453 0.012019231216982007 0.03846153989434242 0.024038462433964014
0 0.1947115457151085 0.025240385555662215 0.028846154920756817 0.03125000116415322
0 0.1814903913764283 0.008413461851887405 0.03605769365094602 0.01682692370377481
0 0.14302885148208588 0.012019231216982007 0.03125000116415322 0.024038462433964014
0 0.12500000465661287 0.007211538730189204 0.028846154920756817 0.014423077460378408
0 0.9771634979406372 0.04567307862453163 0.021634616190567613 0.028846154920756817
0 0.9362981118028983 0.03365384740754962 0.03125000116415322 0.03365384740754962
