1 0.8569711857708171 0.42908655444625765 0.09375000349245965 0.10817308095283806
1 0.6598557938123122 0.3858173220651224 0.060096156084910035 0.07451923354528844
1 0.969951959210448 0.39543270703870803 0.04567307862453163 0.07932692603208125
1 0.7848557984689251 0.3665865521179512 0.04567307862453163 0.06490384857170284
1 0.27283654862549156 0.3762019370915368 0.04567307862453163 0.05528846359811723
1 0.3521634746575728 0.3882211683085188 0.040865386137738824 0.04567307862453163
1 0.40024039952550083 0.3701923214830458 0.040865386137738824 0.057692309841513634
1 0.4843750180443749 0.3629807827528566 0.04567307862453163 0.057692309841513634
1 0.5733173290500417 0.359375013387762 0.04567307862453163 0.05528846359811723
1 0.9567308048717678 0.3762019370915368 0.04807692486792803 0.05048077111132443
