0 0.5697115596849471 0.3425480896839872 0.06250000232830644 0.07932692603208125
0 0.1754807757679373 0.3425480896839872 0.09615384973585606 0.11298077343963087
0 0.3521634746575728 0.3389423203188926 0.060096156084910035 0.10096154222264886
0 0.7620192591566592 0.3485577052924782 0.07692307978868484 0.10576923470944166
0 0.03485577052924782 0.353365397779271 0.06490384857170284 0.08173077227547765
0 0.4687500174622983 0.3665865521179512 0.03846153989434242 0.07451923354528844
0 0.5709134828066453 0.01562500058207661 0.06490384857170284 0.03125000116415322
0 0.1766826988896355 0.024038462433964014 0.09855769597925246 0.04807692486792803
0 0.3509615515358746 0.022836539312265813 0.06250000232830644 0.04567307862453163
0 0.7632211822783574 0.01923076994717121 0.07932692603208125 0.03846153989434242
0 0.03365384740754962 0.010817308095283806 0.06730769481509924 0.021634616190567613
