0 0.8149038765113801 0.383413475821726 0.07692307978868484 0.09375000349245965
0 0.45192309375852346 0.3329327047104016 0.08653846476227045 0.11778846592642367
0 0.6141827151877806 0.3365384740754962 0.06971154105849564 0.10576923470944166
0 0.11538461968302727 0.3245192428585142 0.07692307978868484 0.12019231216982007
0 0.04807692486792803 0.3521634746575728 0.057692309841513634 0.08413461851887405
0 0.1754807757679373 0.3677884752396494 0.05288461735472083 0.07211538730189204
0 0.9038461875170469 0.371394244604744 0.057692309841513634 0.06971154105849564
0 0.5637019440764561 0.3557692440226674 0.04567307862453163 0.07692307978868484
0 0.40264424576889724 0.377403860213235 0.06490384857170284 0.08173077227547765
0 0.7331731042359024 0.3737980908481404 0.03846153989434242 0.05048077111132443
1 0.27283654862549156 0.3822115527000278 0.03605769365094602 0.03365384740754962
