1 0.945913496776484 0.43373494874686 0.06490384857170284 0.08192771254107356
1 0.6021634839707986 0.48795181734021753 0.13221154338680208 0.14216867764480412
1 0.8737981094745919 0.46987952780909836 0.07451923354528844 0.07228915812447667
1 0.7031250261934474 0.4397590452572331 0.05528846359811723 0.065060242312029
1 0.06610577169340104 0.42409639433026314 0.09375000349245965 0.08192771254107356
1 0.8112981071462855 0.4614457926945761 0.08894231100566685 0.09879518277011812
1 0.26802885613869876 0.4855421787360683 0.13221154338680208 0.14216867764480412
1 0.5240384810604155 0.38313253805972636 0.04807692486792803 0.06746988091617823
1 0.1814903913764283 0.43734940665308386 0.08413461851887405 0.08433735114522278
1 0.05168269423302263 0.3795180801535025 0.060096156084910035 0.055421687895432115
1 0.1706730832811445 0.3650602485286072 0.043269232381135225 0.04096385627053678
1 0.3341346278320998 0.3975903696846217 0.028846154920756817 0.03855421766638756
1 0.42908655444625765 0.39277109247632325 0.04567307862453163 0.04819277208298445
1 0.6153846383094788 0.41325302061159164 0.057692309841513634 0.05060241068713367
1 0.9447115736547858 0.024096386041492224 0.06730769481509924 0.04819277208298445
1 0.7019231030717492 0.016867470229044557 0.057692309841513634 0.03373494045808911
1 0.06490384857170284 0.02891566324979067 0.09615384973585606 0.05783132649958134
1 0.8100961840245873 0.014457831624895334 0.09134615724906325 0.02891566324979067
1 0.5240384810604155 0.055421687895432115 0.04807692486792803 0.06746988091617823
1 0.1802884682547301 0.022891566739417613 0.08653846476227045 0.045783133478835225
1 0.05168269423302263 0.06144578440580517 0.060096156084910035 0.055421687895432115
1 0.1706730832811445 0.0759036160307005 0.043269232381135225 0.04096385627053678
1 0.3341346278320998 0.04096385627053678 0.028846154920756817 0.03855421766638756
1 0.42908655444625765 0.045783133478835225 0.04567307862453163 0.04819277208298445
1 0.6153846383094788 0.027710843947716057 0.057692309841513634 0.05060241068713367
