0 0.22596154687926173 0.6168674826622009 0.1875000069849193 0.16385542508214712
0 0.03966346301604062 0.6638554354431108 0.07451923354528844 0.20963855856098235
0 0.43750001629814506 0.7144578461302444 0.1875000069849193 0.1710843408945948
0 0.42668270820286125 0.6325301335891709 0.13221154338680208 0.14216867764480412
0 0.7343750273576006 0.6867470021825284 0.25721154804341495 0.260240969248116
0 0.9170673418557271 0.6698795319534838 0.1610576983075589 0.23132530599832535
0 0.03846153989434242 0.948192790732719 0.07692307978868484 0.09879518277011812
0 0.43870193941984326 0.9325301398057491 0.1899038532283157 0.130120484624058
0 0.42548078508116305 0.9807229118887335 0.13461538963019848 0.03373494045808911
0 0.7331731042359024 0.9240964046912268 0.25961539428681135 0.14698795485310256
0 0.9158654187340289 0.9397590556181967 0.1634615445509553 0.11566265299916267
