0 0.6959134874632582 0.3605769365094602 0.1802884682547301 0.20673077693209052
1 0.4951923261396587 0.3557692440226674 0.1538461595773697 0.19711539195850492
1 0.8858173406915739 0.34735578217078 0.06490384857170284 0.06971154105849564
1 0.8557692626491189 0.3028846266679466 0.043269232381135225 0.05288461735472083
1 0.7968750296859071 0.3437500128056854 0.04567307862453163 0.05288461735472083
1 0.610576945822686 0.3329327047104016 0.03846153989434242 0.05048077111132443
0 0.69471156434156 0.040865386137738824 0.1826923144981265 0.08173077227547765
1 0.4963942492613569 0.040865386137738824 0.1562500058207661 0.08173077227547765
1 0.8846154175698757 0.013221154338680208 0.06730769481509924 0.026442308677360415
1 0.8557692626491189 0.03365384740754962 0.043269232381135225 0.05288461735472083
1 0.7956731065642089 0.010817308095283806 0.04807692486792803 0.021634616190567613
1 0.6117788689443842 0.01562500058207661 0.040865386137738824 0.03125000116415322
