0 0.4735577099490911 0.4228915750281885 0.057692309841513634 0.06987951952032745
0 0.3377403971971944 0.4216867557261139 0.05528846359811723 0.07228915812447667
0 0.22836539312265813 0.4180722978198901 0.057692309841513634 0.06987951952032745
0 0.8918269563000649 0.4325301294447854 0.04807692486792803 0.065060242312029
0 0.688701948733069 0.4289156715385616 0.04567307862453163 0.05783132649958134
0 0.10697115783113986 0.40481928549706936 0.05528846359811723 0.06746988091617823
0 0.6237981001613662 0.4180722978198901 0.04567307862453163 0.06987951952032745
0 0.28125001047737896 0.42650603293441236 0.03365384740754962 0.03855421766638756
1 0.5372596353990957 0.42650603293441236 0.03605769365094602 0.03855421766638756
0 0.8209134921198711 0.42409639433026314 0.021634616190567613 0.03373494045808911
0 0.7644231054000556 0.4204819364240393 0.043269232381135225 0.05060241068713367
0 0.1911057763500139 0.42409639433026314 0.026442308677360415 0.03855421766638756
0 0.040865386137738824 0.43373494874686 0.028846154920756817 0.03373494045808911
