1 0.08293269539717585 0.3795180801535025 0.06490384857170284 0.065060242312029
1 0.11177885031793267 0.4096385627053678 0.03605769365094602 0.043373494874686
1 0.14423077460378408 0.4096385627053678 0.028846154920756817 0.03855421766638756
1 0.23076923936605453 0.38072289945557714 0.043269232381135225 0.04819277208298445
0 0.26442308677360415 0.39277109247632325 0.03365384740754962 0.04819277208298445
1 0.3281250122236088 0.3987951889866963 0.03125000116415322 0.05060241068713367
1 0.353365397779271 0.3963855503825471 0.03365384740754962 0.036144579062238336
1 0.43750001629814506 0.3891566345700994 0.028846154920756817 0.036144579062238336
1 0.4663461712189019 0.4000000082887709 0.028846154920756817 0.03373494045808911
1 0.5300480966689065 0.3987951889866963 0.03605769365094602 0.036144579062238336
1 0.5612980978330597 0.41325302061159164 0.026442308677360415 0.036144579062238336
1 0.5973557914840057 0.41566265921574086 0.026442308677360415 0.036144579062238336
1 0.6971154105849564 0.4108433820074424 0.024038462433964014 0.036144579062238336
1 0.8485577239189297 0.38313253805972636 0.028846154920756817 0.03855421766638756
1 0.8233173383632675 0.3855421766638756 0.021634616190567613 0.02891566324979067
1 0.08293269539717585 0.0759036160307005 0.06490384857170284 0.065060242312029
1 0.11177885031793267 0.043373494874686 0.03605769365094602 0.043373494874686
1 0.14423077460378408 0.043373494874686 0.028846154920756817 0.03855421766638756
1 0.23076923936605453 0.07228915812447667 0.043269232381135225 0.04819277208298445
0 0.26442308677360415 0.06024096510373056 0.03365384740754962 0.04819277208298445
1 0.3281250122236088 0.056626507197506726 0.03125000116415322 0.05060241068713367
1 0.353365397779271 0.05903614580165595 0.03365384740754962 0.036144579062238336
1 0.43750001629814506 0.06626506161410362 0.028846154920756817 0.036144579062238336
1 0.4663461712189019 0.05301204929128289 0.028846154920756817 0.03373494045808911
1 0.5300480966689065 0.056626507197506726 0.03605769365094602 0.036144579062238336
1 0.5612980978330597 0.04216867557261139 0.026442308677360415 0.036144579062238336
1 0.5973557914840057 0.03975903696846217 0.026442308677360415 0.036144579062238336
1 0.6971154105849564 0.044578314176760614 0.024038462433964014 0.036144579062238336
1 0.8485577239189297 0.06987951952032745 0.028846154920756817 0.03855421766638756
1 0.8233173383632675 0.06746988091617823 0.021634616190567613 0.02891566324979067
