0 0.939903881167993 0.4313253101427108 0.11538461968302727 0.12048193020746112
0 0.8161057996330783 0.44698796106968075 0.08413461851887405 0.08433735114522278
0 0.45192309375852346 0.45783133478835225 0.06730769481509924 0.08192771254107356
0 0.6310096388915554 0.4301204908406362 0.060096156084910035 0.06987951952032745
0 0.3137019347632304 0.4638554312987253 0.04567307862453163 0.065060242312029
0 0.371394244604744 0.4650602506007999 0.040865386137738824 0.05783132649958134
0 0.5060096342349425 0.4650602506007999 0.040865386137738824 0.05783132649958134
0 0.5973557914840057 0.45903615409042686 0.03125000116415322 0.045783133478835225
0 0.24759616306982934 0.471084347111173 0.043269232381135225 0.05060241068713367
0 0.1742788526462391 0.45542169618420303 0.03605769365094602 0.04819277208298445
0 0.6598557938123122 0.4614457926945761 0.03605769365094602 0.04096385627053678
