0 0.9158654187340289 0.3557692440226674 0.06730769481509924 0.08173077227547765
0 0.5973557914840057 0.3725961677264422 0.040865386137738824 0.05288461735472083
1 0.7872596447123215 0.40264424576889724 0.06490384857170284 0.07932692603208125
1 0.45913463248871267 0.3629807827528566 0.06730769481509924 0.08173077227547765
1 0.04687500174622983 0.3581730902660638 0.07932692603208125 0.09134615724906325
1 0.3569711671443656 0.371394244604744 0.05528846359811723 0.07451923354528844
1 0.6538461782038212 0.40745193825569004 0.057692309841513634 0.07451923354528844
1 0.10937500407453626 0.3846153989434242 0.05048077111132443 0.06730769481509924
0 0.628605792648159 0.371394244604744 0.03605769365094602 0.05528846359811723
0 0.22956731624435633 0.3545673209009692 0.040865386137738824 0.05528846359811723
0 0.27884616423398256 0.365384628996253 0.043269232381135225 0.057692309841513634
0 0.41586540010757744 0.3365384740754962 0.043269232381135225 0.06250000232830644
0 0.3185096272500232 0.3437500128056854 0.05528846359811723 0.06730769481509924
