1 0.7632211822783574 0.39663463016040623 0.07932692603208125 0.09134615724906325
1 0.14182692836038768 0.39302886079531163 0.08173077227547765 0.09375000349245965
1 0.3317307815887034 0.3786057833349332 0.09615384973585606 0.10817308095283806
1 0.25841347116511315 0.39062501455191523 0.05048077111132443 0.08894231100566685
1 0.9002404181519523 0.3858173220651224 0.11778846592642367 0.11778846592642367
1 0.5048077111132443 0.389423091430217 0.10576923470944166 0.11057692719623446
1 0.8461538776755333 0.3846153989434242 0.08173077227547765 0.09134615724906325
1 0.3737980908481404 0.3786057833349332 0.06490384857170284 0.11298077343963087
1 0.7620192591566592 0.044471155502833426 0.08173077227547765 0.08894231100566685
1 0.14302885148208588 0.04687500174622983 0.08413461851887405 0.09375000349245965
1 0.3317307815887034 0.061298079206608236 0.09615384973585606 0.10817308095283806
1 0.25841347116511315 0.04927884798962623 0.05048077111132443 0.08894231100566685
1 0.8990384950302541 0.05649038671981543 0.12019231216982007 0.11298077343963087
1 0.5060096342349425 0.05288461735472083 0.10817308095283806 0.10576923470944166
1 0.8461538776755333 0.05288461735472083 0.08173077227547765 0.09134615724906325
1 0.3737980908481404 0.061298079206608236 0.06490384857170284 0.11298077343963087
