0 0.7596154129132628 0.5373494087252766 0.03846153989434242 0.043373494874686
0 0.9483173430198804 0.5192771191941574 0.040865386137738824 0.04096385627053678
0 0.987980806035921 0.5000000103609636 0.01923076994717121 0.05060241068713367
0 0.6310096388915554 0.5602409754646942 0.04567307862453163 0.04096385627053678
0 0.5685096365632489 0.5469879631418735 0.040865386137738824 0.03373494045808911
0 0.353365397779271 0.5445783245377243 0.028846154920756817 0.02891566324979067
0 0.44951924751512706 0.5253012157045305 0.03365384740754962 0.03373494045808911
0 0.41225963074248284 0.536144589423202 0.026442308677360415 0.03132530185393989
0 0.3329327047104016 0.5325301315169781 0.021634616190567613 0.024096386041492224
0 0.28365385672077537 0.5373494087252766 0.024038462433964014 0.02891566324979067
