0 0.025240385555662215 0.412048201309517 0.04567307862453163 0.11566265299916267
1 0.5048077111132443 0.47710844362154603 0.08173077227547765 0.0963855441659689
1 0.3605769365094602 0.48915663664229214 0.07692307978868484 0.0963855441659689
1 0.6490384857170284 0.5012048296630383 0.08173077227547765 0.11084337579086423
1 0.706730795558542 0.5192771191941574 0.057692309841513634 0.08433735114522278
1 0.5408654047641903 0.41566265921574086 0.057692309841513634 0.06987951952032745
1 0.43269232381135225 0.4108433820074424 0.057692309841513634 0.06987951952032745
1 0.9483173430198804 0.43734940665308386 0.04567307862453163 0.065060242312029
1 0.8088942609028891 0.42530121363233775 0.05048077111132443 0.06987951952032745
1 0.7944711834425107 0.38313253805972636 0.04567307862453163 0.05783132649958134
1 0.3509615515358746 0.43493976804893464 0.06730769481509924 0.065060242312029
1 0.8485577239189297 0.44939759967383 0.043269232381135225 0.06987951952032745
1 0.8569711857708171 0.39518073108047247 0.04567307862453163 0.05301204929128289
1 0.46514424809720367 0.4530120575800538 0.04567307862453163 0.06746988091617823
1 0.9230769574642181 0.41686747851781547 0.03365384740754962 0.05301204929128289
1 0.9867788829142228 0.40481928549706936 0.021634616190567613 0.05783132649958134
