0 0.7055288724368438 0.30843374133110046 0.08894231100566685 0.12530120741575956
0 0.42067309259437025 0.3313253080705181 0.10096154222264886 0.1180722916033119
0 0.5841346371453255 0.36024097132030874 0.10096154222264886 0.12771084601990879
0 0.3269230891019106 0.3662650678306818 0.10096154222264886 0.12048193020746112
0 0.21274039254058152 0.30722892202902585 0.10817308095283806 0.12289156881161034
0 0.8461538776755333 0.3421686817891896 0.10096154222264886 0.12530120741575956
0 0.7043269493151456 0.044578314176760614 0.09134615724906325 0.08915662835352123
0 0.42187501571606845 0.03132530185393989 0.10336538846604526 0.06265060370787978
0 0.5853365602670237 0.01927710883319378 0.10336538846604526 0.03855421766638756
0 0.3281250122236088 0.014457831624895334 0.10336538846604526 0.02891566324979067
0 0.21153846941888332 0.044578314176760614 0.11057692719623446 0.08915662835352123
0 0.8473558007972315 0.027710843947716057 0.10336538846604526 0.055421687895432115
