0 0.8641827245010063 0.2795180780813098 0.08413461851887405 0.10120482137426734
0 0.5673077134415507 0.2506024148315191 0.08173077227547765 0.09156626695767045
0 0.9723558054538444 0.27228916226886213 0.05048077111132443 0.08192771254107356
0 0.8209134921198711 0.28433735528960824 0.060096156084910035 0.08192771254107356
0 0.4939904030179605 0.4216867557261139 0.13221154338680208 0.14457831624895334
0 0.21394231566227973 0.3867469959659502 0.057692309841513634 0.06024096510373056
0 0.5588942515896633 0.3421686817891896 0.05048077111132443 0.06265060370787978
0 0.7163461805321276 0.28554217459168285 0.03365384740754962 0.055421687895432115
0 0.8641827245010063 0.05301204929128289 0.08413461851887405 0.10120482137426734
0 0.5673077134415507 0.08192771254107356 0.08173077227547765 0.09156626695767045
0 0.9723558054538444 0.06024096510373056 0.05048077111132443 0.08192771254107356
0 0.8209134921198711 0.04819277208298445 0.060096156084910035 0.08192771254107356
0 0.5576923284679651 0.012048193020746112 0.05288461735472083 0.024096386041492224
0 0.7163461805321276 0.04939759138505906 0.03365384740754962 0.055421687895432115
