0 0.299278857302852 0.32891566946636885 0.060096156084910035 0.07951807393692434
0 0.4879807874094695 0.3445783203933388 0.04807692486792803 0.05783132649958134
0 0.7536057973047718 0.3566265134140849 0.040865386137738824 0.05783132649958134
0 0.6201923307962716 0.3445783203933388 0.04807692486792803 0.06265060370787978
0 0.40625001513399184 0.33734940458089113 0.04807692486792803 0.05783132649958134
0 0.8245192614849657 0.3795180801535025 0.03846153989434242 0.055421687895432115
0 0.2980769341811538 0.022891566739417613 0.06250000232830644 0.045783133478835225
0 0.4891827105311677 0.00963855441659689 0.05048077111132443 0.01927710883319378
0 0.6213942539179698 0.0108433737186715 0.05048077111132443 0.021686747437343
0 0.40745193825569004 0.013253012322820723 0.05048077111132443 0.026506024645641446
