0 0.26442308677360415 0.3689903983613476 0.07211538730189204 0.09855769597925246
1 0.6153846383094788 0.39543270703870803 0.06730769481509924 0.08894231100566685
1 0.9062500337604433 0.39543270703870803 0.06730769481509924 0.09375000349245965
1 0.8245192614849657 0.39302886079531163 0.09134615724906325 0.10817308095283806
1 0.5480769434943795 0.43389424693305045 0.06250000232830644 0.07451923354528844
1 0.20072116132359952 0.39423078391700983 0.05048077111132443 0.06730769481509924
1 0.3161057810066268 0.41706732322927564 0.04567307862453163 0.06490384857170284
1 0.3725961677264422 0.42668270820286125 0.03365384740754962 0.04567307862453163
1 0.41706732322927564 0.44110578566323966 0.03125000116415322 0.04567307862453163
1 0.45432694000191987 0.43149040068965405 0.03365384740754962 0.040865386137738824
1 0.712740411167033 0.43269232381135225 0.040865386137738824 0.057692309841513634
