1 0.8173077227547765 0.2771084394771606 0.07211538730189204 0.09156626695767045
1 0.6334134851349518 0.27590362017508596 0.07932692603208125 0.09879518277011812
1 0.7151442574104294 0.28313253598753363 0.06490384857170284 0.06987951952032745
1 0.22596154687926173 0.2927710904041305 0.08653846476227045 0.1180722916033119
1 0.5853365602670237 0.27349398157093674 0.04567307862453163 0.07951807393692434
1 0.8173077227547765 0.1614457864779979 0.07211538730189204 0.09156626695767045
1 0.6334134851349518 0.16506024438422173 0.07932692603208125 0.09879518277011812
1 0.7151442574104294 0.15783132857177407 0.06490384857170284 0.06987951952032745
1 0.22596154687926173 0.14819277415517718 0.08653846476227045 0.1180722916033119
1 0.5853365602670237 0.16746988298837095 0.04567307862453163 0.07951807393692434
