0 0.8461538776755333 0.3566265134140849 0.07211538730189204 0.08192771254107356
0 0.9302884961944073 0.3433735010912642 0.06250000232830644 0.07951807393692434
0 0.712740411167033 0.3433735010912642 0.05048077111132443 0.06987951952032745
0 0.41346155386418104 0.3457831396954134 0.04807692486792803 0.065060242312029
0 0.5600961747113615 0.3530120555078611 0.057692309841513634 0.06987951952032745
0 0.6622596400557086 0.3421686817891896 0.040865386137738824 0.06265060370787978
0 0.299278857302852 0.3650602485286072 0.04567307862453163 0.06024096510373056
0 0.4939904030179605 0.346987958997488 0.040865386137738824 0.05783132649958134
0 0.09975961910095066 0.346987958997488 0.04567307862453163 0.06265060370787978
0 0.1887019301066175 0.4313253101427108 0.060096156084910035 0.04819277208298445
0 0.1947115457151085 0.3554216941120103 0.03365384740754962 0.045783133478835225
0 0.7596154129132628 0.3638554292265326 0.04807692486792803 0.08192771254107356
0 0.5324519429123029 0.3650602485286072 0.040865386137738824 0.065060242312029
