0 0.4975961723830551 0.3975903696846217 0.08173077227547765 0.12530120741575956
0 0.057692309841513634 0.3554216941120103 0.11538461968302727 0.20963855856098235
0 0.6310096388915554 0.43373494874686 0.11298077343963087 0.1493975934572518
0 0.8353365695802495 0.39156627317424864 0.07932692603208125 0.12289156881161034
1 0.6959134874632582 0.36987952573690563 0.08413461851887405 0.09397590556181967
1 0.23317308560945094 0.4518072382779792 0.12980769714340568 0.1614457864779979
1 0.40865386137738824 0.40240964689292014 0.08653846476227045 0.12048193020746112
1 0.9086538800038397 0.4301204908406362 0.12980769714340568 0.1614457864779979
1 0.22596154687926173 0.3891566345700994 0.07211538730189204 0.08433735114522278
0 0.3257211659802124 0.42409639433026314 0.026442308677360415 0.03855421766638756
0 0.058894232963211834 0.04216867557261139 0.11778846592642367 0.08433735114522278
