0 0.1838942376198247 0.4759036243194714 0.06971154105849564 0.07951807393692434
0 0.3245192428585142 0.48795181734021753 0.057692309841513634 0.06987951952032745
0 0.9543269586283714 0.4939759138505906 0.04807692486792803 0.06265060370787978
0 0.22716347000095993 0.4939759138505906 0.04567307862453163 0.05783132649958134
0 0.598557714605704 0.4855421787360683 0.03365384740754962 0.06024096510373056
0 0.646634639473632 0.5036144682671875 0.028846154920756817 0.04819277208298445
0 0.8173077227547765 0.4963855524547398 0.03846153989434242 0.05301204929128289
0 0.7199519498972222 0.5216867577983066 0.026442308677360415 0.036144579062238336
1 0.6923077180981636 0.5060241068713367 0.043269232381135225 0.05783132649958134
1 0.5685096365632489 0.4855421787360683 0.04567307862453163 0.06024096510373056
1 0.45913463248871267 0.4951807331526652 0.05288461735472083 0.06024096510373056
