1 0.8713942632311955 0.5096154036000371 0.060096156084910035 0.06730769481509924
1 0.22716347000095993 0.4903846336528659 0.05528846359811723 0.06730769481509924
1 0.5913461758755147 0.5168269423302263 0.057692309841513634 0.06730769481509924
1 0.41586540010757744 0.5012019417481497 0.057692309841513634 0.06490384857170284
1 0.042067309259437025 0.4879807874094695 0.04567307862453163 0.057692309841513634
1 0.1826923144981265 0.4927884798962623 0.03365384740754962 0.05288461735472083
1 0.3377403971971944 0.4807692486792803 0.040865386137738824 0.057692309841513634
1 0.3750000139698386 0.4735577099490911 0.043269232381135225 0.057692309841513634
1 0.5108173267217353 0.5144230960868299 0.05048077111132443 0.057692309841513634
1 0.5504807897377759 0.5000000186264515 0.03365384740754962 0.05288461735472083
1 0.664663486299105 0.4975961723830551 0.04567307862453163 0.05288461735472083
1 0.7403846429660916 0.5084134804783389 0.05288461735472083 0.06490384857170284
