0 0.8437500314321369 0.44819278037175536 0.057692309841513634 0.05783132649958134
0 0.7175481036538258 0.5325301315169781 0.06490384857170284 0.086746989749372
0 0.06971154105849564 0.45662651548627764 0.03846153989434242 0.055421687895432115
0 0.13701923587359488 0.4542168768821284 0.04807692486792803 0.045783133478835225
0 0.3197115503717214 0.4216867557261139 0.04807692486792803 0.05301204929128289
0 0.5637019440764561 0.4204819364240393 0.04567307862453163 0.055421687895432115
0 0.6430288701085374 0.41566265921574086 0.04567307862453163 0.045783133478835225
0 0.3209134734934196 0.015662650926969945 0.05048077111132443 0.03132530185393989
0 0.5625000209547579 0.016867470229044557 0.04807692486792803 0.03373494045808911
0 0.6418269469868392 0.016867470229044557 0.04807692486792803 0.03373494045808911
