0 0.8689904169877991 0.3689903983613476 0.08413461851887405 0.10817308095283806
0 0.07451923354528844 0.3137019347632304 0.12019231216982007 0.14182692836038768
0 0.13100962026510388 0.41586540010757744 0.06971154105849564 0.08173077227547765
0 0.21153846941888332 0.43990386254154146 0.05288461735472083 0.06730769481509924
0 0.4759615561924875 0.43269232381135225 0.03846153989434242 0.04807692486792803
0 0.6622596400557086 0.43389424693305045 0.03125000116415322 0.04567307862453163
0 0.7932692603208125 0.44591347815003246 0.043269232381135225 0.06490384857170284
0 0.29326924169436097 0.44110578566323966 0.028846154920756817 0.04567307862453163
0 0.610576945822686 0.44591347815003246 0.03846153989434242 0.04567307862453163
0 0.8473558007972315 0.42668270820286125 0.04567307862453163 0.07451923354528844
0 0.43028847756795585 0.4783654024358839 0.03365384740754962 0.03365384740754962
0 0.24639423994813114 0.45793270936701447 0.03605769365094602 0.04567307862453163
0 0.07572115666698664 0.04567307862453163 0.12259615841321647 0.09134615724906325
