0 0.7079327186802402 0.5420673278858885 0.08413461851887405 0.09855769597925246
0 0.8161057996330783 0.27764424111228436 0.06971154105849564 0.08413461851887405
0 0.8329327233368531 0.4975961723830551 0.10336538846604526 0.11057692719623446
0 0.6790865637594834 0.3028846266679466 0.05528846359811723 0.06730769481509924
0 0.46394232497550547 0.4687500174622983 0.05288461735472083 0.05288461735472083
0 0.6322115620132536 0.28004808735568076 0.05288461735472083 0.06490384857170284
0 0.41225963074248284 0.3245192428585142 0.05048077111132443 0.05288461735472083
0 0.4831730949226767 0.3076923191547394 0.043269232381135225 0.057692309841513634
0 0.5901442527538165 0.3281250122236088 0.04567307862453163 0.05528846359811723
0 0.682692333124578 0.4975961723830551 0.057692309841513634 0.057692309841513634
0 0.46514424809720367 0.44110578566323966 0.060096156084910035 0.05048077111132443
0 0.8161057996330783 0.05649038671981543 0.06971154105849564 0.08413461851887405
0 0.6778846406377852 0.03245192428585142 0.057692309841513634 0.06490384857170284
0 0.6322115620132536 0.05408654047641903 0.05288461735472083 0.06490384857170284
0 0.41105770762078464 0.01802884682547301 0.05288461735472083 0.03605769365094602
0 0.4843750180443749 0.027644231799058616 0.04567307862453163 0.05528846359811723
0 0.5889423296321183 0.01682692370377481 0.04807692486792803 0.03365384740754962
