1 0.22956731624435633 0.4675480943406001 0.07451923354528844 0.08894231100566685
1 0.4963942492613569 0.42668270820286125 0.07932692603208125 0.09855769597925246
1 0.3677884752396494 0.43750001629814506 0.06730769481509924 0.09134615724906325
1 0.7500000279396772 0.45192309375852346 0.06250000232830644 0.08653846476227045
1 0.6610577169340104 0.4699519405839965 0.05288461735472083 0.06490384857170284
0 0.5372596353990957 0.46274040185380727 0.04567307862453163 0.07932692603208125
1 0.7175481036538258 0.46274040185380727 0.03605769365094602 0.05528846359811723
1 0.4951923261396587 0.03125000116415322 0.08173077227547765 0.06250000232830644
1 0.3689903983613476 0.024038462433964014 0.06971154105849564 0.04807692486792803
1 0.7512019510613754 0.01562500058207661 0.06490384857170284 0.03125000116415322
0 0.5360577122773975 0.008413461851887405 0.04807692486792803 0.01682692370377481
