0 0.736778873600997 0.3425480896839872 0.09375000349245965 0.11298077343963087
0 0.8353365695802495 0.3786057833349332 0.05528846359811723 0.08413461851887405
1 0.22235577751416713 0.3437500128056854 0.10336538846604526 0.12980769714340568
1 0.1562500058207661 0.39062501455191523 0.06250000232830644 0.06490384857170284
1 0.43629809317644686 0.40024039952550083 0.05528846359811723 0.060096156084910035
1 0.598557714605704 0.40024039952550083 0.05288461735472083 0.060096156084910035
1 0.2968750110594556 0.371394244604744 0.04567307862453163 0.06490384857170284
1 0.8810096482047811 0.3701923214830458 0.060096156084910035 0.07692307978868484
0 0.736778873600997 0.09254808037076145 0.09375000349245965 0.11298077343963087
0 0.8353365695802495 0.05649038671981543 0.05528846359811723 0.08413461851887405
1 0.22235577751416713 0.08894231100566685 0.10336538846604526 0.12980769714340568
1 0.1562500058207661 0.044471155502833426 0.06250000232830644 0.06490384857170284
1 0.43629809317644686 0.03485577052924782 0.05528846359811723 0.060096156084910035
1 0.598557714605704 0.03485577052924782 0.05288461735472083 0.060096156084910035
1 0.2968750110594556 0.06370192545000464 0.04567307862453163 0.06490384857170284
1 0.8810096482047811 0.06250000232830644 0.060096156084910035 0.07692307978868484
