0 0.1706730832811445 0.5626506140688434 0.028846154920756817 0.036144579062238336
0 0.23918270121794194 0.5674698912771419 0.03125000116415322 0.03132530185393989
0 0.6778846406377852 0.5771084456937388 0.024038462433964014 0.026506024645641446
0 0.8305288770934567 0.5831325422041118 0.03125000116415322 0.03855421766638756
0 0.8040865684160963 0.585542180808261 0.021634616190567613 0.03373494045808911
0 0.46514424809720367 0.5771084456937388 0.026442308677360415 0.026506024645641446
0 0.1718750064028427 0.9879518277011812 0.03125000116415322 0.01927710883319378
0 0.23798077809624374 0.9867470083991066 0.03365384740754962 0.021686747437343
0 0.6778846406377852 0.9843373697949573 0.024038462433964014 0.026506024645641446
0 0.8305288770934567 0.9759036346804351 0.03125000116415322 0.03855421766638756
0 0.8040865684160963 0.9734939960762858 0.021634616190567613 0.03373494045808911
0 0.46514424809720367 0.9843373697949573 0.026442308677360415 0.026506024645641446
