0 0.21754808502737433 0.4675480943406001 0.06971154105849564 0.060096156084910035
0 0.28725962608586997 0.4807692486792803 0.040865386137738824 0.057692309841513634
0 0.3810096295783296 0.4807692486792803 0.04567307862453163 0.04807692486792803
0 0.40384616889059544 0.46514424809720367 0.028846154920756817 0.04567307862453163
0 0.43750001629814506 0.4819711718009785 0.028846154920756817 0.04567307862453163
0 0.4819711718009785 0.4687500174622983 0.03605769365094602 0.04807692486792803
0 0.5324519429123029 0.4735577099490911 0.03125000116415322 0.043269232381135225
0 0.5817307909019291 0.46514424809720367 0.043269232381135225 0.05048077111132443
0 0.6814904100028798 0.46033655561041087 0.04567307862453163 0.05048077111132443
0 0.7355769504792988 0.44711540127173066 0.043269232381135225 0.057692309841513634
